run_id,n,m,p,precision/iterations,singlet_injection,warm_start,parameter_vector,optimal_result,sdp_objective_value_step1,sdp_objective_value_king_normalized_step1,algorithm17_actual_energy,algorithm17_lower_bound_energy,algorithm17_analytic_F_value,algorithm17_F_bound_applicable,algorithm17_beta_mode,algorithm17_beta_star,algorithm17_beta_optimisation_time_seconds,initial_ws_energy_prodStates_step2,initial_sdp_statevector_energy,initial_qaoa_input_energy_normalized,adam_initial_point_energy_normalized,adam_energy_history_normalized_json,adam_updates_completed,initial_sdp_statevec_ratio,initial_ws_energy_010101,QAOA_improvement_over_SDP_statevectorEnergy,QAOA_improvement_over_SDP_prodStatesEnergy,result,result_010101,approx_ratio,approx_ratio_010101,diff. approx. ratio,sdp ws greater,duration_seconds,duration_seconds_excluding_warm_start_cache_io,warm_start_cache_used,warm_start_compute_time_seconds,warm_start_load_time_seconds,warm_start_save_time_seconds,warm_start_effective_time_seconds,warm_start_cache_path,full duration_seconds,finished_at,processor,hostname,total_ram_gb,physical_cores,logical_cores,python_version,peak_ram_mb,Instance_is_triangle_free,Instance_is_3_regular,Instance_is_bipartite,Instance_is_regular,Regular_degree,Instance_is_claw_free,Instance_is_twin_free,Instance_is_planar,Instance_is_eulerian,optimiser,optimiser_use_heuristic,heuristic_optimiser_iterations,heuristic_optimiser_sampleSize,circuit_type,learning_rate_adam,compare_with_010101,init_QAOAparams_close_to_zero,graph_generation_type,weighted,easiest_first,debug,save_circuit_svg,rerun_exclude_finished_instances,warm_start_cache_producer_only,qaoa_only_from_existing_warm_start_cache,num_repeats,relative_graph_adjList_path,persistent_warm_start_cache,sdp_max_parallel,qaoa_max_parallel,sdp_threads,qaoa_threads,sdp_memory_limit_total_gb,sdp_memory_limit_single_gb,sdp_max_retries,queue_poll_interval_seconds,max_graph_vertices,qaoa_seed,initialise_standard_warm_start_with_zero_angles,result_name_suffix,benchmark_repeat_idx,sdp_seed,qaoa_seed_used,hog_graph_index,edges,weights
14459521,7,6,1,75.0,False,False,"[1, 1, 1]",,,,,,,,,,,,,,1.7589714313481934,"[1.7589714313481934, 1.7622113177338992, 1.7654680958289068, 1.7687418946000943, 1.7720328393521818, 1.7753410570712602, 1.7786666658739019, 1.7820097824435215, 1.7853705217655493, 1.7887489858168726, 1.7921452773396085, 1.7955594872038445, 1.7989917030248814, 1.8024420029331811, 1.8059104551609542, 1.8093971184459867, 1.812902040699228, 1.816425261559394, 1.8199668126750077, 1.8235267123365206, 1.8271049693088008, 1.8307015800785127, 1.8343165347672137, 1.8379498075717502, 1.8416013633023631, 1.8452711570075604, 1.8489591332565267, 1.8526652231292433, 1.8563893569373981, 1.8601314447998687, 1.8638913903471088, 1.8676690898697124, 1.8714644266319056, 1.8752772747813733, 1.8791075031359978, 1.882954969451265, 1.886819525538185, 1.8907010134649218, 1.89459927053483, 1.8985141292691963, 1.9024454074076071, 1.9063929245105706, 1.91035648915156, 1.9143359163005669, 1.9183310000781848, 1.9223415399089683, 1.9263673304676907, 1.9304081631534504, 1.9344638234965614, 1.9385340890741467, 1.942618747445904, 1.9467175797462035, 1.9508303613752562, 1.9549568673018964, 1.9590968741854426, 1.9632501616971418, 1.9674164983146187, 1.9715956601860962, 1.975787424409223, 1.979991565454305, 1.984207860049839, 1.988436082016929, 1.9926760111379094, 1.9969274281099854, 2.001190115959108, 2.0054638578825865, 2.0097484364939975, 2.0140436372358934, 2.0183492554186295, 2.0226650838771656, 2.0269909143571616, 2.0313265437617205, 2.0356717728133433, 2.0400264024150645, 2.044390242196757, 2.0487630976978006]",75,,,,,2.0487630976978006,,0.4725007144136994,,,,2.437947988510132,2.437947988510132,False,,0.0,0.0,,,2.4465010166168213,2026-09-07 15:14:51,x86_64,dacsgpu0002,,64,64,3.11.15,0.22,True,False,True,False,,True,True,True,False,adam,True,1,10,hamqaoa,0.001,False,False,hog,False,False,False,False,True,False,False,1,HOG_graphs/Exp5/path_graphs_2to12vertices_11instances_AdjacencyList.txt,False,0,16,1,1,0,0,0,5,10,42,True,_FINAL_BENCHMARKS_STANDARD,1,,42,5,"[(0, 1), (2, 3), (1, 2), (5, 6), (3, 4), (4, 5)]","[1.0, 1.0, 1.0, 1.0, 1.0, 1.0]"
c9ba955b,10,9,1,75.0,False,False,"[1, 1, 1]",,,,,,,,,,,,,,2.496575364050248,"[2.496575364050248, 2.500432428957472, 2.504308234605322, 2.5082029316100525, 2.5121166693164914, 2.5160496030818766, 2.520001876309644, 2.5239736362272405, 2.5279650166492296, 2.531976146146628, 2.5360071540488875, 2.5400581553843233, 2.5441292550086105, 2.5482205480386546, 2.552332117708078, 2.5564640467984416, 2.5606164051354243, 2.5647892430776364, 2.5689825987328736, 2.5731965086895703, 2.577430992108765, 2.5816860483341264, 2.5859616614306633, 2.5902578191023293, 2.594574484360302, 2.598911610453791, 2.6032691342027996, 2.60764697880192, 2.612045054834158, 2.6164632728157313, 2.6209015222727094, 2.6253596857252495, 2.6298376159274737, 2.6343351712186136, 2.63885218856538, 2.6433885140540716, 2.6479439604725084, 2.652518338592463, 2.6571114605002797, 2.66172312448782, 2.666353108240714, 2.6710011834409726, 2.67566713341213, 2.680350721224486, 2.6850517021043587, 2.689769825890617, 2.6945048477452884, 2.699256507474456, 2.704024555370695, 2.7088087185033336, 2.7136087279397545, 2.7184243125285645, 2.7232552027998453, 2.728101116741466, 2.732961783494193, 2.737836925389281, 2.742726268241727, 2.747629528570949, 2.7525464409686324, 2.757476731121993, 2.762420129845506, 2.7673763573094656, 2.7723451362842724, 2.7773262087330814, 2.782319304023964, 2.787324151259838, 2.7923405035923015, 2.7973680970798553, 2.8024066780743104, 2.807455988717844, 2.8125157926262356, 2.8175858458283076, 2.8226659138121972, 2.8277557622124485, 2.832855153579918, 2.8379638755916456]",75,,,,,2.8379638755916456,,0.43607312163362716,,,,3.0305800437927246,3.0305800437927246,False,,0.0,0.0,,,3.0385565757751465,2026-09-07 15:14:52,x86_64,dacsgpu0002,,64,64,3.11.15,0.22,True,False,True,False,,True,True,True,False,adam,True,1,10,hamqaoa,0.001,False,False,hog,False,False,False,False,True,False,False,1,HOG_graphs/Exp5/path_graphs_2to12vertices_11instances_AdjacencyList.txt,False,0,16,1,1,0,0,0,5,10,42,True,_FINAL_BENCHMARKS_STANDARD,1,,42,8,"[(8, 9), (0, 1), (2, 3), (1, 2), (5, 6), (3, 4), (7, 8), (4, 5), (6, 7)]","[1.0, 1.0, 1.0, 1.0, 1.0, 1.0, 1.0, 1.0, 1.0]"
e7255c3f,8,7,1,75.0,False,False,"[1, 1, 1]",,,,,,,,,,,,,,1.8764617090974562,"[1.8764617090974562, 1.8791981507763964, 1.881913182829756, 1.8846062073776815, 1.887276632654136, 1.889923873394569, 1.8925473535251836, 1.895146510904337, 1.8977207971335635, 1.9002696773734393, 1.902792637081264, 1.9052891764702453, 1.9077588119066409, 1.9102010868451982, 1.9126155606871382, 1.9150018221861953, 1.9173594784210495, 1.919688168378438, 1.9219875546433256, 1.924257331646968, 1.9264972186985874, 1.928706972842153, 1.9308863739082915, 1.9330352363747347, 1.9351534067472784, 1.9372407673492205, 1.9392972276817388, 1.9413227354200646, 1.9433172718614777, 1.9452808522399432, 1.9472135309033278, 1.94911540082582, 1.9509865877134704, 1.9528272540937683, 1.9546376009397137, 1.9564178701620916, 1.9581683326349948, 1.959889303246951, 1.9615811381779231, 1.9632442309244635, 1.9648790150441897, 1.966485965050149, 1.9680655955446484, 1.9696184612204173, 1.9711451581023025, 1.9726463258870666, 1.974122642438702, 1.9755748354639286, 1.9770036746875215, 1.9784099698948405, 1.979794573867447, 1.9811583865058389, 1.9825023498394458, 1.9838274487449599, 1.9851347174687768, 1.9864252299517615, 1.9877001076204246, 1.9889605146579221, 1.9902076545234253, 1.9914427767166438, 1.9926671710526414, 1.9938821644757667, 1.995089122211766, 1.99628944587874, 1.9974845713519034, 1.9986759578104265, 1.9998650990457463, 2.001053509966464, 2.0022427284293616, 2.003434300140212, 2.0046297856217135, 2.0058307503495634, 2.0070387629011672, 2.0082553838618193, 2.0094821687395137, 2.010720651969779]",75,,,,,2.010720651969779,,0.392335736969713,,,,2.7481534481048584,2.7481534481048584,False,,0.0,0.0,,,2.756169080734253,2026-09-07 15:14:52,x86_64,dacsgpu0002,,64,64,3.11.15,0.22,True,False,True,False,,True,True,True,False,adam,True,1,10,hamqaoa,0.001,False,False,hog,False,False,False,False,True,False,False,1,HOG_graphs/Exp5/path_graphs_2to12vertices_11instances_AdjacencyList.txt,False,0,16,1,1,0,0,0,5,10,42,True,_FINAL_BENCHMARKS_STANDARD,1,,42,6,"[(0, 1), (2, 3), (1, 2), (5, 6), (3, 4), (4, 5), (6, 7)]","[1.0, 1.0, 1.0, 1.0, 1.0, 1.0, 1.0]"
50258299,5,4,1,75.0,False,False,"[1, 1, 1]",,,,,,,,,,,,,,1.1392649855431267,"[1.1392649855431267, 1.1403852920424082, 1.141514005277647, 1.142651191374293, 1.1437969147656653, 1.144951240236864, 1.1461142308111798, 1.147285949488332, 1.1484664554239337, 1.1496558046055743, 1.150854053908235, 1.1520612533986403, 1.1532774507109465, 1.1545026896529693, 1.155737011647702, 1.1569804520361873, 1.1582330420471638, 1.1594948103442453, 1.160765778099047, 1.1620459623173118, 1.1633353735435785, 1.1646340197868112, 1.1659418997701323, 1.1672590117921429, 1.1685853467414677, 1.169920888121243, 1.1712656151722918, 1.1726195041033896, 1.1739825255086553, 1.1753546420088383, 1.1767358145366429, 1.1781259969228082, 1.1795251408389262, 1.1809331895163357, 1.1823500836004264, 1.1837757588850601, 1.185210146546407, 1.1866531772496396, 1.1881047758351053, 1.1895648618835084, 1.1910333524403498, 1.1925101639245326, 1.19399520707038, 1.1954883902968438, 1.1969896183991937, 1.1984987962977514, 1.200015823241607, 1.201540598793335, 1.2030730210971803, 1.2046129827718584, 1.2061603799325733, 1.207715105063189, 1.2092770517059361, 1.210846107575899, 1.212422163378459, 1.2140051091375164, 1.2155948335310338, 1.2171912238744116, 1.2187941676617056, 1.2204035546479344, 1.2220192725069614, 1.2236412112219222, 1.2252692589935346, 1.2269033041714927, 1.2285432393171145, 1.2301889543351197, 1.231840342771194, 1.2334972952255325, 1.2351597073810396, 1.2368274727369373, 1.2385004858250737, 1.240178645354126, 1.241861847751709, 1.2435499941633075, 1.2452429843316544, 1.2469407190325092]",75,,,,,1.2469407190325092,,0.42586773191001,,,,1.934783935546875,1.934783935546875,False,,0.0,0.0,,,1.9402234554290771,2026-09-07 15:14:52,x86_64,dacsgpu0002,,64,64,3.11.15,0.22,True,False,True,False,,True,True,True,False,adam,True,1,10,hamqaoa,0.001,False,False,hog,False,False,False,False,True,False,False,1,HOG_graphs/Exp5/path_graphs_2to12vertices_11instances_AdjacencyList.txt,False,0,16,1,1,0,0,0,5,10,42,True,_FINAL_BENCHMARKS_STANDARD,1,,42,3,"[(1, 2), (3, 4), (0, 1), (2, 3)]","[1.0, 1.0, 1.0, 1.0]"
eca48ff1,7,6,2,75.0,False,False,"[1, 1, 1]",,,,,,,,,,,,,,1.5518558139227792,"[1.5518558139227792, 1.5554378535678928, 1.559014442547352, 1.5625847967754996, 1.566148127782939, 1.569703641098283, 1.5732505289458116, 1.5767879815825496, 1.5803151869897354, 1.5838313273064675, 1.5873355865653995, 1.5908271437050088, 1.5943051800354002, 1.5977688765427394, 1.6012174193622146, 1.6046499986456633, 1.608065812475257, 1.61146406547686, 1.6148439722178558, 1.6182047577049556, 1.6215456554321506, 1.6248659196960338, 1.6281648168541127, 1.6314416331327555, 1.63469567010122, 1.6379262527988148, 1.6411327174688213, 1.644314430408521, 1.647470778246489, 1.6506011780111396, 1.6537050658201229, 1.6567819027421828, 1.6598311798650933, 1.6628524198136805, 1.665845165102306, 1.6688089903613699, 1.6717435029962218, 1.674648331602907, 1.677523141532309, 1.6803676310959348, 1.6831815281259817, 1.685964586386984, 1.6887165925288137, 1.6914373587977083, 1.6941267349819509, 1.6967845984213923, 1.6994108588877204, 1.7020054542819163, 1.7045683490604546, 1.7070995378228349, 1.7095990454611556, 1.712066921521011, 1.7145032445306831, 1.716908125300971, 1.7192816916714706, 1.7216240959202456, 1.7239355244628933, 1.7262161827799865, 1.7284662998056801, 1.7306861291663236, 1.7328759412953805, 1.7350360334626689, 1.7371667175116365, 1.7392683300715284, 1.741341222072419, 1.743385767796276, 1.7454023450936307, 1.7473913666515175, 1.7493532439557131, 1.751288405997908, 1.7531972937887927, 1.7550803565690805, 1.7569380617850405, 1.758770888717875, 1.760579313382084, 1.7623638203846423]",75,,,,,1.7623638203846423,,0.4064492205684138,,,,4.7216103076934814,4.7216103076934814,False,,0.0,0.0,,,4.729435920715332,2026-09-07 15:14:54,x86_64,dacsgpu0002,,64,64,3.11.15,0.23,True,False,True,False,,True,True,True,False,adam,True,1,10,hamqaoa,0.001,False,False,hog,False,False,False,False,True,False,False,1,HOG_graphs/Exp5/path_graphs_2to12vertices_11instances_AdjacencyList.txt,False,0,16,1,1,0,0,0,5,10,42,True,_FINAL_BENCHMARKS_STANDARD,1,,42,5,"[(0, 1), (2, 3), (1, 2), (5, 6), (3, 4), (4, 5)]","[1.0, 1.0, 1.0, 1.0, 1.0, 1.0]"
a4617212,8,7,2,75.0,False,False,"[1, 1, 1]",,,,,,,,,,,,,,2.236808026817545,"[2.236808026817545, 2.2461976018682117, 2.255539206683512, 2.264830706165629, 2.2740699604973993, 2.2832548289337717, 2.292383162453722, 2.3014528181483445, 2.310461669341134, 2.319407593221722, 2.3282884861303033, 2.3371022682188163, 2.345846889988025, 2.3545203247477184, 2.3631205766690035, 2.3716457010057277, 2.3800937839503704, 2.3884629613338184, 2.3967514210104026, 2.404957394445041, 2.413079180963694, 2.4211151394756323, 2.429063677151253, 2.436923277239975, 2.44469247960912, 2.452369903598744, 2.4599542374258765, 2.467444235724182, 2.4748387336613376, 2.4821366451114866, 2.489336956759445, 2.496438729085997, 2.5034411064623265, 2.510343310796496, 2.5171446411241276, 2.5238444792405157, 2.5304422803832374, 2.5369375713729423, 2.543329959504089, 2.549619147864507, 2.5558049008299704, 2.561887062150318, 2.567865546048967, 2.573740348421821, 2.57951153180332, 2.585179229973779, 2.5907436500497374, 2.5962050593076813, 2.6015637983035087, 2.60682026711667, 2.6119749352835333, 2.6170283289835115, 2.6219810353443913, 2.6268336921855746, 2.6315869950743194, 2.636241704644784, 2.640798618806774, 2.6452585926990593, 2.6496225195174308, 2.6538913446636045, 2.6580660615667466, 2.6621477087835728, 2.6661373414860496, 2.6700360679552526, 2.6738450193233607, 2.677565370080313, 2.681198319532788, 2.6847450996772815, 2.688206962277741, 2.691585184651627, 2.694881077635461, 2.698095960384137, 2.701231168503834, 2.7042880662895565, 2.7072680191488585, 2.7101724152939695]",75,,,,,2.7101724152939695,,0.5288141298134574,,,,5.331462860107422,5.331462860107422,False,,0.0,0.0,,,5.3392863273620605,2026-09-07 15:14:55,x86_64,dacsgpu0002,,64,64,3.11.15,0.22,True,False,True,False,,True,True,True,False,adam,True,1,10,hamqaoa,0.001,False,False,hog,False,False,False,False,True,False,False,1,HOG_graphs/Exp5/path_graphs_2to12vertices_11instances_AdjacencyList.txt,False,0,16,1,1,0,0,0,5,10,42,True,_FINAL_BENCHMARKS_STANDARD,1,,42,6,"[(0, 1), (2, 3), (1, 2), (5, 6), (3, 4), (4, 5), (6, 7)]","[1.0, 1.0, 1.0, 1.0, 1.0, 1.0, 1.0]"
edf41ee2,10,9,2,75.0,False,False,"[1, 1, 1]",,,,,,,,,,,,,,2.3715578037305294,"[2.3715578037305294, 2.3808809072482586, 2.390186665832427, 2.3994734748412587, 2.4087397020887167, 2.41798370738805, 2.4272038389618857, 2.4363984215776306, 2.445565776208013, 2.454704212108183, 2.4638120284502754, 2.472887520416398, 2.4819289842178742, 2.490934706181902, 2.499902985656374, 2.5088321151481496, 2.5177204014812244, 2.5265661531003873, 2.5353677036253557, 2.5441233819187827, 2.5528315373266723, 2.561490545903921, 2.570098792166914, 2.5786546901195773, 2.587156671107851, 2.5956032030169682, 2.6039927651191044, 2.612323881814272, 2.6205951006237056, 2.628804999767188, 2.636952197916281, 2.645035347831702, 2.6530531440228002, 2.661004309224787, 2.668887617185075, 2.6767018764430452, 2.6844459350264134, 2.6921186796851395, 2.69971903823074, 2.707245993338826, 2.714698570112863, 2.722075826910271, 2.7293768827547615, 2.7366008843823435, 2.7437470448778414, 2.7508146007988916, 2.7578028562515478, 2.764711140117768, 2.771538834468038, 2.7782853661581597, 2.7849502106706505, 2.7915328996921973, 2.798032984404875, 2.8044500811461055, 2.810783847461865, 2.817033966963765, 2.823200197768203, 2.8292823162954215, 2.835280156061529, 2.841193593555536, 2.8470225393219626, 2.852766941519526, 2.858426798034995, 2.864002144977593, 2.869493069951556, 2.874899677690263, 2.8802221313787753, 2.885460626041205, 2.890615403080886, 2.8956867151591843, 2.900674878567402, 2.905580217538787, 2.910403108329416, 2.915143964747253, 2.919803226408042, 2.924381366481325]",75,,,,,2.924381366481325,,0.44935177727125464,,,,7.018463373184204,7.018463373184204,False,,0.0,0.0,,,7.024955987930298,2026-09-07 15:14:56,x86_64,dacsgpu0002,,64,64,3.11.15,0.23,True,False,True,False,,True,True,True,False,adam,True,1,10,hamqaoa,0.001,False,False,hog,False,False,False,False,True,False,False,1,HOG_graphs/Exp5/path_graphs_2to12vertices_11instances_AdjacencyList.txt,False,0,16,1,1,0,0,0,5,10,42,True,_FINAL_BENCHMARKS_STANDARD,1,,42,8,"[(8, 9), (0, 1), (2, 3), (1, 2), (5, 6), (3, 4), (7, 8), (4, 5), (6, 7)]","[1.0, 1.0, 1.0, 1.0, 1.0, 1.0, 1.0, 1.0, 1.0]"
8b08d4de,7,6,3,75.0,False,False,"[1, 1, 1]",,,,,,,,,,,,,,1.771635356140408,"[1.771635356140408, 1.7850982129740312, 1.798502000167532, 1.8118422521097997, 1.8251158748540135, 1.8383223205839503, 1.8514649728616304, 1.8645515333465699, 1.8775917546514909, 1.8905935361129182, 1.9035608029568716, 1.9164939664468479, 1.9293912550585819, 1.9422497264130762, 1.95506585616648, 1.9678358303880146, 1.9805556939128814, 1.9932214398010983, 2.0058290563185985, 2.018374563238329, 2.030854056231568, 2.043263719291028, 2.055599866470432, 2.067858955529556, 2.080037609397111, 2.092132654581697, 2.1041411323608474, 2.1160603333638894, 2.1278877936028535, 2.139621316433244, 2.1512589791354886, 2.1627991380299014, 2.1742404130057786, 2.1855816851369876, 2.1968220720331346, 2.2079608937036306, 2.218997658441239, 2.229932014611939, 2.2407637163364913, 2.251492567537416, 2.262118420204507, 2.272641116758109, 2.28306047047286, 2.2933762482767044, 2.303588166437378, 2.3136958674745083, 2.3236989434925874, 2.3335969350199, 2.343389344839261, 2.3530756444035434, 2.3626552994457395, 2.372127786104965, 2.3814926017335, 2.3907492812793736, 2.39989741430461, 2.4089366532211445, 2.4178667095141417, 2.426687387983957, 2.4353985761462713, 2.4440002534720695, 2.4524924947755515, 2.4608754699039137, 2.469149446981786, 2.4773147812942113, 2.485371928128075, 2.493321430088989, 2.5011639204464573, 2.50890011135881, 2.5165307975532754, 2.524056851615504, 2.531479205306401, 2.538798857908194, 2.5460168575691493, 2.5531342949865143, 2.56015231545285, 2.5670720954251705]",75,,,,,2.5670720954251705,,0.5920369223766536,,,,8.309969186782837,8.309969186782837,False,,0.0,0.0,,,8.31531286239624,2026-09-07 15:14:58,x86_64,dacsgpu0002,,64,64,3.11.15,0.23,True,False,True,False,,True,True,True,False,adam,True,1,10,hamqaoa,0.001,False,False,hog,False,False,False,False,True,False,False,1,HOG_graphs/Exp5/path_graphs_2to12vertices_11instances_AdjacencyList.txt,False,0,16,1,1,0,0,0,5,10,42,True,_FINAL_BENCHMARKS_STANDARD,1,,42,5,"[(0, 1), (2, 3), (1, 2), (5, 6), (3, 4), (4, 5)]","[1.0, 1.0, 1.0, 1.0, 1.0, 1.0]"
33427af8,5,4,2,75.0,False,False,"[1, 1, 1]",,,,,,,,,,,,,,1.2323126300667036,"[1.2323126300667036, 1.235455690108992, 1.2386010822446192, 1.2417485725459105, 1.2448979239058007, 1.2480488952343591, 1.251201237992472, 1.254354703535644, 1.25750903369579, 1.2606639712655892, 1.263819249628541, 1.2669746019390784, 1.270129755838095, 1.2732844371538161, 1.2764383695353958, 1.2795912733945027, 1.2827428675729091, 1.2858928695621474, 1.2890409956464277, 1.2921869664774568, 1.2953305008196643, 1.298471317115975, 1.301609136842143, 1.3047436861960995, 1.3078746907013905, 1.3110018825189795, 1.3141249972159295, 1.3172437785686777, 1.3203579729455268, 1.323467339543253, 1.3265716383302115, 1.3296706433149015, 1.332764135476909, 1.335851902656231, 1.3389337434566393, 1.3420094651436576, 1.3450788896507193, 1.3481418443476159, 1.3511981678280292, 1.3542477105944362, 1.357290334873813, 1.360325910466277, 1.3633543145921798, 1.3663754351957424, 1.3693891693069387, 1.372395419446177, 1.3753940978673356, 1.3783851153476938, 1.3813683941416095, 1.3843438570873055, 1.3873114275907175, 1.3902710295597418, 1.3932225861799445, 1.396166021704327, 1.3991012545385637, 1.4020281996526867, 1.4049467667303404, 1.4078568603378134, 1.4107583750142845, 1.4136511995256327, 1.4165352114966967, 1.4194102844877492, 1.422276286503647, 1.425133070930009, 1.4279804859920717, 1.4308183703363924, 1.4336465571567976, 1.4364648715597497, 1.4392731356244017, 1.4420711649183453, 1.4448587706008515, 1.4476357643667448, 1.4504019527261935, 1.4531571401484131, 1.4559011332626266, 1.458633736650371]",75,,,,,1.458633736650371,,0.4981672597849628,,,,3.6159045696258545,3.6159045696258545,False,,0.0,0.0,,,3.628145933151245,2026-09-07 15:14:59,x86_64,dacsgpu0002,,64,64,3.11.15,0.22,True,False,True,False,,True,True,True,False,adam,True,1,10,hamqaoa,0.001,False,False,hog,False,False,False,False,True,False,False,1,HOG_graphs/Exp5/path_graphs_2to12vertices_11instances_AdjacencyList.txt,False,0,16,1,1,0,0,0,5,10,42,True,_FINAL_BENCHMARKS_STANDARD,1,,42,3,"[(1, 2), (3, 4), (0, 1), (2, 3)]","[1.0, 1.0, 1.0, 1.0]"
4d28d076,8,7,3,75.0,False,False,"[1, 1, 1]",,,,,,,,,,,,,,2.5123845759677246,"[2.5123845759677246, 2.5272241289833017, 2.541884161553332, 2.5563549767263978, 2.57062728714467, 2.5846923393256036, 2.598542064041101, 2.6121692385681947, 2.625567701048466, 2.6387325568058695, 2.6516604486718323, 2.6643497551184443, 2.6768008534913856, 2.6890162575521526, 2.7010006920676477, 2.712760995829494, 2.724305840089898, 2.7356452532406466, 2.746790002270981, 2.7577508733677365, 2.7685380235265478, 2.779160491056666, 2.7896258699784746, 2.799940192132018, 2.8101080517232395, 2.820132777988239, 2.830016675546887, 2.839761317540582, 2.8493677940305377, 2.858836897316553, 2.868169316311723, 2.8773657419184158, 2.8864269656624173, 2.8953539150474, 2.9041477160710136, 2.9128097013341754, 2.9213413957576617, 2.9297445469229535, 2.938021090101695, 2.9461731517917493, 2.9542030245810507, 2.9621131768759486, 2.9699062064831385, 2.977584861337427, 2.985151991413421, 2.9926105667351997, 2.999963622379137, 3.007214274390649, 3.0143656757657515, 3.021420998381943, 3.028383416439418, 3.0352560821858763, 3.0420420766757474, 3.0487444466166163, 3.055366132718887, 3.0619099707839803, 3.068378675653059, 3.074774844271438, 3.08110094737173, 3.0873593316755343, 3.0935522253897196, 3.099681752320415, 3.1057499319247315, 3.111758701744677, 3.1177099436682694, 3.123605463510673, 3.129447047408132, 3.13523642638691, 3.1409753297212832, 3.1466654761394426, 3.1523085608466688, 3.157906265774309, 3.1634602853705887, 3.168972271464217, 3.1744438730518167, 3.179876699147724]",75,,,,,3.179876699147724,,0.6204637461751656,,,,9.546558856964111,9.546558856964111,False,,0.0,0.0,,,9.555165767669678,2026-09-07 15:15:00,x86_64,dacsgpu0002,,64,64,3.11.15,0.23,True,False,True,False,,True,True,True,False,adam,True,1,10,hamqaoa,0.001,False,False,hog,False,False,False,False,True,False,False,1,HOG_graphs/Exp5/path_graphs_2to12vertices_11instances_AdjacencyList.txt,False,0,16,1,1,0,0,0,5,10,42,True,_FINAL_BENCHMARKS_STANDARD,1,,42,6,"[(0, 1), (2, 3), (1, 2), (5, 6), (3, 4), (4, 5), (6, 7)]","[1.0, 1.0, 1.0, 1.0, 1.0, 1.0, 1.0]"
cd7f584b,5,4,3,75.0,False,False,"[1, 1, 1]",,,,,,,,,,,,,,1.287206150965028,"[1.287206150965028, 1.2925981406316667, 1.2979882530372564, 1.3033753494622675, 1.30875833617552, 1.3141361967929945, 1.3195080410420994, 1.324873171711167, 1.3302311460442933, 1.3355818313044465, 1.3409254052223278, 1.3462622862241733, 1.351592964084751, 1.3569177996682882, 1.3622368491919046, 1.3675497711413538, 1.3728558389846568, 1.378154001893489, 1.383442963885445, 1.3887212619174076, 1.393987322121031, 1.3992394923743943, 1.404476081710487, 1.40969537231916, 1.4148956331554154, 1.4200751228246649, 1.4252321050227044, 1.4303648495222308, 1.435471633764506, 1.4405507492874856, 1.4456005069116156, 1.4506192369250817, 1.4556052970973428, 1.4605570660450327, 1.4654729562765454, 1.4703514107123643, 1.475190907143594, 1.4799899542098047, 1.4847471067618951, 1.4894609521875048, 1.4941301197620331, 1.4987532785035134, 1.5033291389185393, 1.507856456580135, 1.5123340290311102, 1.5167606997070702, 1.521135353909718, 1.5254569249220755, 1.5297243966579244, 1.5339368092498993, 1.5380932537668752, 1.5421928804047769, 1.5462348990817776, 1.5502185838963962, 1.5541432737877783, 1.5580083755103438, 1.561813369372637, 1.5655577984596962, 1.5692412848671307, 1.5728635177535006, 1.5764242509483395, 1.5799233122909466, 1.583360589002817, 1.58673603343266, 1.5900496589911481, 1.593301538340583, 1.5964917941135577, 1.599620606960869, 1.6026882030072924, 1.605694856605308, 1.6086408934873393, 1.6115266817675615, 1.6143526298963182, 1.6171191932244724, 1.6198268644175817, 1.6224761751159393]",75,,,,,1.6224761751159393,,0.554124376747247,,,,6.14695143699646,6.14695143699646,False,,0.0,0.0,,,6.155512571334839,2026-09-07 15:15:02,x86_64,dacsgpu0002,,64,64,3.11.15,0.22,True,False,True,False,,True,True,True,False,adam,True,1,10,hamqaoa,0.001,False,False,hog,False,False,False,False,True,False,False,1,HOG_graphs/Exp5/path_graphs_2to12vertices_11instances_AdjacencyList.txt,False,0,16,1,1,0,0,0,5,10,42,True,_FINAL_BENCHMARKS_STANDARD,1,,42,3,"[(1, 2), (3, 4), (0, 1), (2, 3)]","[1.0, 1.0, 1.0, 1.0]"
97896d35,10,9,3,75.0,False,False,"[1, 1, 1]",,,,,,,,,,,,,,2.6694120963812913,"[2.6694120963812913, 2.6832119630465203, 2.696981958888956, 2.7107227264528135, 2.724433064298649, 2.738111454541549, 2.7517562744132023, 2.765365845743667, 2.7789384481805537, 2.792472366702436, 2.8059658786639514, 2.8194172571187526, 2.8328247631199823, 2.8461866669822866, 2.8595012389903283, 2.872766759253801, 2.88598151331461, 2.8991437734778085, 2.9122518394690617, 2.9253039916535584, 2.9382985266816704, 2.9512337293102533, 2.9641079049879506, 2.9769193516003813, 2.989666367101001, 3.002347239265615, 3.014960273218492, 3.0275037693846376, 3.039976001100395, 3.0523752616123945, 3.0646998261059752, 3.076947975793638, 3.089117958901654, 3.101208028558894, 3.1132164282037196, 3.125141395858939, 3.136981160579476, 3.1487339331256843, 3.160397917340765, 3.1719713147704756, 3.183452340386606, 3.1948391617134537, 3.2061299960268173, 3.217323029610336, 3.228416467915951, 3.239408531417986, 3.2502974684872323, 3.2610815378472986, 3.2717590521589544, 3.282328346933442, 3.292787792115293, 3.3031358168811598, 3.313370894854616, 3.3234915590399896, 3.333496429721741, 3.3433841766078305, 3.353153561014251, 3.3628034293975744, 3.3723327142525528, 3.3817404326765748, 3.3910257313861885, 3.4001878246180595, 3.4092260379646486, 3.4181398114364874, 3.426928700916709, 3.4355923357210236, 3.444130510587838, 3.45254308506156, 3.4608300694056893, 3.468991578092096, 3.4770278097593406, 3.4849391173602084, 3.4927259406026923, 3.500388831989101, 3.5079284331623364, 3.5153455058598797]",75,,,,,3.5153455058598797,,0.5401575761923602,,,,13.402005910873413,13.402005910873413,False,,0.0,0.0,,,13.410568952560425,2026-09-07 15:15:02,x86_64,dacsgpu0002,,64,64,3.11.15,0.23,True,False,True,False,,True,True,True,False,adam,True,1,10,hamqaoa,0.001,False,False,hog,False,False,False,False,True,False,False,1,HOG_graphs/Exp5/path_graphs_2to12vertices_11instances_AdjacencyList.txt,False,0,16,1,1,0,0,0,5,10,42,True,_FINAL_BENCHMARKS_STANDARD,1,,42,8,"[(8, 9), (0, 1), (2, 3), (1, 2), (5, 6), (3, 4), (7, 8), (4, 5), (6, 7)]","[1.0, 1.0, 1.0, 1.0, 1.0, 1.0, 1.0, 1.0, 1.0]"
f5822e95,7,6,4,75.0,False,False,"[1, 1, 1]",,,,,,,,,,,,,,1.5725669751563986,"[1.5725669751563986, 1.5809898516010181, 1.5893576592837646, 1.5976676223075823, 1.6059172840597606, 1.6141046952897413, 1.6222286740518286, 1.6302891112230862, 1.6382872373765123, 1.6462255721533054, 1.6541074002793865, 1.6619358896560945, 1.6697133234217452, 1.6774408106854206, 1.6851184401031658, 1.6927455767720627, 1.7003211582620155, 1.707843885323097, 1.715312342021034, 1.7227250719487914, 1.7300806212545607, 1.7373775783059422, 1.7446145563309934, 1.7517902242009535, 1.7589033238232878, 1.7659526521916427, 1.7729370840418759, 1.779855564830426, 1.7867071181228387, 1.7934908441178794, 1.8002059350756918, 1.806851660423314, 1.8134273773868637, 1.8199325363600223, 1.8263666781688492, 1.832729441062039, 1.8390205494668614, 1.8452398280945081, 1.8513871961097266, 1.8574626599779183, 1.8634663369873468, 1.8693984457656783, 1.875259288048907, 1.8810492622076962, 1.886768869707751, 1.8924187066618623, 1.8979994629229011, 1.9035119354320522, 1.9089569962282034, 1.9143356259381206, 1.919648894563299, 1.924897952636176, 1.9300840436354976, 1.9352085075917098, 1.9402727613369957, 1.9452783060109755, 1.9502267230175245, 1.955119671826077, 1.9599588874023988, 1.964746176686003, 1.9694834217658685, 1.9741725644159092, 1.9788156166753976, 1.9834146486368633, 1.987971782788847, 1.992489190292052, 1.9969690989483864, 2.001413783297837, 2.00582555596835, 2.0102067531251553, 2.0145597642712247, 2.0188869820174276, 2.023190837234824, 2.027473767158745, 2.0317382143676577, 2.0359866320903883]",75,,,,,2.0359866320903883,,0.46955411256697144,,,,13.34032154083252,13.34032154083252,False,,0.0,0.0,,,13.346793413162231,2026-09-07 15:15:03,x86_64,dacsgpu0002,,64,64,3.11.15,0.23,True,False,True,False,,True,True,True,False,adam,True,1,10,hamqaoa,0.001,False,False,hog,False,False,False,False,True,False,False,1,HOG_graphs/Exp5/path_graphs_2to12vertices_11instances_AdjacencyList.txt,False,0,16,1,1,0,0,0,5,10,42,True,_FINAL_BENCHMARKS_STANDARD,1,,42,5,"[(0, 1), (2, 3), (1, 2), (5, 6), (3, 4), (4, 5)]","[1.0, 1.0, 1.0, 1.0, 1.0, 1.0]"
3b27557e,2,1,1,75.0,False,False,"[1, 1, 1]",,,,,,,,,,,,,,0.6165792916627437,"[0.6165792916627437, 0.6188796326391484, 0.6211743186033387, 0.6234631592271487, 0.6257459679086852, 0.6280225606237002, 0.6302927585241824, 0.6325563875105125, 0.6348132801547133, 0.637063275270926, 0.6393062205447246, 0.6415419725556957, 0.6437703979067317, 0.6459913733817564, 0.6482047871453994, 0.6504105395159712, 0.6526085431109638, 0.6547987222238524, 0.6569810137869149, 0.6591553657577915, 0.6613217364241164, 0.6634800928081068, 0.6656304098973361, 0.6677726676373488, 0.6699068493651401, 0.6720329388482469, 0.6741509187672361, 0.6762607684667692, 0.6783624623367679, 0.680455968118018, 0.6825412458661398, 0.6846182477646048, 0.6866869191385433, 0.6887471978519358, 0.6907990163960812, 0.6928423029138036, 0.694876982972819, 0.6969029805563423, 0.6989202210195207, 0.7009286317718084, 0.7029281435916547, 0.7049186927359675, 0.7069002214682496, 0.7088726795499616, 0.7108360245168066, 0.7127902204524392, 0.7147352400713296, 0.7166710641259013, 0.7185976802614229, 0.7205150833497385, 0.7224232737582934, 0.7243222571977364, 0.7262120443417951, 0.7280926481745191, 0.7299640850527481, 0.7318263735949417, 0.7336795337729666, 0.7355235867496752, 0.7373585545876175, 0.7391844604897042, 0.7410013272171777, 0.7428091793970664, 0.7446080427518686, 0.7463979436736798, 0.7481789099842747, 0.7499509710540984, 0.7517141592363248, 0.7534685082745596, 0.7552140542534138, 0.7569508357978363, 0.7586788938520751, 0.7603982713803158, 0.7621090139758101, 0.7638111681366323, 0.765504782964065, 0.7671899078577908]",75,,,,,0.7671899078577908,,0.7671899078577908,,,,1.3934550285339355,1.3934550285339355,False,,0.0,0.0,,,1.4022767543792725,2026-09-07 15:15:04,x86_64,dacsgpu0002,,64,64,3.11.15,0.22,True,False,True,True,1,True,False,True,False,adam,True,1,10,hamqaoa,0.001,False,False,hog,False,False,False,False,True,False,False,1,HOG_graphs/Exp5/path_graphs_2to12vertices_11instances_AdjacencyList.txt,False,0,16,1,1,0,0,0,5,10,42,True,_FINAL_BENCHMARKS_STANDARD,1,,42,0,"[(0, 1)]",[1.0]
ca0bd8d3,9,8,1,75.0,False,False,"[1, 1, 1]",,,,,,,,,,,,,,2.115237923900608,"[2.115237923900608, 2.1175164072455512, 2.1198110692577896, 2.1221220884933043, 2.1244496422053443, 2.1267939167319514, 2.1291550931598198, 2.1315333541097843, 2.133928882145205, 2.1363418577800077, 2.138772449890297, 2.1412208331714124, 2.1436871716512416, 2.146171618467995, 2.1486743316735897, 2.1511954451312363, 2.1537350949896896, 2.156293402726116, 2.1588704861905716, 2.161466444890445, 2.164081371543807, 2.166715353660573, 2.1693684531817663, 2.1720407287281054, 2.1747322257044517, 2.177442972333196, 2.180172998778527, 2.1829223084620932, 2.1856908967377993, 2.188478744976461, 2.1912858268053514, 2.194112096685353, 2.1969574971638135, 2.1998219671226584, 2.2027054229535743, 2.205607787767301, 2.2085289587923156, 2.2114688266418883, 2.2144272782144148, 2.2174041891958276, 2.220399406960369, 2.223412790675315, 2.2264441885287334, 2.2294934375007456, 2.232560362928913, 2.235644783148975, 2.2387465112552096, 2.241865354087636, 2.2450011137566483, 2.2481535949238034, 2.251322594692066, 2.2545078916947343, 2.2577092751463326, 2.260926534703501, 2.264159442302395, 2.26740777736438, 2.27067132171324, 2.2739498499777575, 2.277243140286012, 2.280550968190272, 2.283873114092683, 2.2872093501078994, 2.2905594547797232, 2.2939232036957797, 2.2973003829705285, 2.300690775650877, 2.3040941762434444, 2.3075103712255554, 2.3109391614787693, 2.3143803414768405, 2.3178337161227565, 2.321299094144882, 2.3247762814644455, 2.328265087913595, 2.3317653302101586, 2.335276836715273]",75,,,,,2.335276836715273,,0.4071263662334855,,,,2.724978446960449,2.724978446960449,False,,0.0,0.0,,,2.7321910858154297,2026-09-07 15:15:04,x86_64,dacsgpu0002,,64,64,3.11.15,0.22,True,False,True,False,,True,True,True,False,adam,True,1,10,hamqaoa,0.001,False,False,hog,False,False,False,False,True,False,False,1,HOG_graphs/Exp5/path_graphs_2to12vertices_11instances_AdjacencyList.txt,False,0,16,1,1,0,0,0,5,10,42,True,_FINAL_BENCHMARKS_STANDARD,1,,42,7,"[(0, 1), (2, 3), (1, 2), (5, 6), (3, 4), (7, 8), (4, 5), (6, 7)]","[1.0, 1.0, 1.0, 1.0, 1.0, 1.0, 1.0, 1.0]"
137c02fc,5,4,4,75.0,False,False,"[1, 1, 1]",,,,,,,,,,,,,,1.200710565160374,"[1.200710565160374, 1.2046054758837905, 1.208496085392527, 1.2123820442161122, 1.2162630268939059, 1.2201387304425306, 1.224008876175343, 1.227873214169488, 1.2317315183720565, 1.2355835916701183, 1.2394292648265548, 1.24326839488935, 1.247100857974145, 1.250926548263713, 1.2547453732503546, 1.2585572411360357, 1.2623620605091523, 1.2661597273831606, 1.2699501196995036, 1.2737330900908408, 1.277508451642538, 1.2812759899334167, 1.2850354421272951, 1.2887865156855838, 1.292528883184177, 1.2962621873905273, 1.2999860463909865, 1.3037000632466278, 1.3074038373625116, 1.3110969644657597, 1.3147790487407378, 1.318449708021686, 1.3221085773416108, 1.3257553151220973, 1.3293896004784567, 1.333011140909883, 1.336619668325011, 1.3402149317310943, 1.3437967003752358, 1.347364755183033, 1.3509188833965065, 1.3544588737140217, 1.3579845167364324, 1.361495596021465, 1.3649918855008008, 1.3684731491961568, 1.371939137601079, 1.3753895944054815, 1.3788242588332507, 1.3822428577866588, 1.385645126061625, 1.3890307936217994, 1.392399598287801, 1.3957512914496086, 1.399085634169519, 1.4024024080488335, 1.4057014097387428, 1.4089824607303802, 1.412245401438416, 1.415490106037098, 1.4187164684210054, 1.421924417596056, 1.4251139046697845, 1.4282849106145787, 1.4314374405971075, 1.434571529534443, 1.4376872273077022, 1.4407846133983486, 1.4438637869563546, 1.4469248671977002, 1.4499679909534113, 1.452993312908714, 1.4560009986836724, 1.4589912292118397, 1.4619642003277364, 1.4649201109174947]",75,,,,,1.4649201109174947,,0.5003142455319313,,,,9.468133211135864,9.468133211135864,False,,0.0,0.0,,,9.475116491317749,2026-09-07 15:15:05,x86_64,dacsgpu0002,,64,64,3.11.15,0.23,True,False,True,False,,True,True,True,False,adam,True,1,10,hamqaoa,0.001,False,False,hog,False,False,False,False,True,False,False,1,HOG_graphs/Exp5/path_graphs_2to12vertices_11instances_AdjacencyList.txt,False,0,16,1,1,0,0,0,5,10,42,True,_FINAL_BENCHMARKS_STANDARD,1,,42,3,"[(1, 2), (3, 4), (0, 1), (2, 3)]","[1.0, 1.0, 1.0, 1.0]"
401997b2,8,7,4,75.0,False,False,"[1, 1, 1]",,,,,,,,,,,,,,2.2416356581437276,"[2.2416356581437276, 2.249708925164933, 2.25768304293637, 2.2655574419585016, 2.2733305563597694, 2.281001129070333, 2.288568315070341, 2.2960317631073783, 2.3033916531729806, 2.310648744438272, 2.3178044369987334, 2.3248607996268547, 2.331820537337511, 2.3386870075501722, 2.3454641074005913, 2.3521561793877757, 2.358767858181908, 2.365303903526436, 2.3717690232160193, 2.3781677865781514, 2.3845044629131413, 2.3907829964192002, 2.3970069628599187, 2.403179591103553, 2.40930376480941, 2.4153820471650382, 2.421416718538995, 2.4274097883644514, 2.433363020232149, 2.4392779515075724, 2.445155938630443, 2.4509981366626263, 2.4568055932695803, 2.4625792481288262, 2.4683199705370265, 2.4740286094914072, 2.47970603827717, 2.4853531784071823, 2.490971043057917, 2.496560742334408, 2.502123503016942, 2.5076606574268783, 2.513173611141871, 2.518663822918671, 2.5241327645140337, 2.529581864529126, 2.535012505675573, 2.5404259530851396, 2.5458233472657072, 2.551205695439451, 2.5565738374062987, 2.5619284782571996, 2.567270206195012, 2.5725994661124996, 2.5779166298757112, 2.583221976943346, 2.588515746877519, 2.593798131205763, 2.5990693046767457, 2.6043294262794343, 2.6095786558579825, 2.614817170003242, 2.6200451786584242, 2.62526292967142, 2.6304707038502784, 2.635668832724749, 2.640857706667673, 2.6460377754698765, 2.6512095347402935, 2.656373565281259, 2.6615305014574813, 2.6666810539952994, 2.671826026795261, 2.6769662866506474, 2.682102815825545, 2.6872367110709567]",75,,,,,2.6872367110709567,,0.5243388704528696,,,,15.27519679069519,15.27519679069519,False,,0.0,0.0,,,15.281630039215088,2026-09-07 15:15:05,x86_64,dacsgpu0002,,64,64,3.11.15,0.24,True,False,True,False,,True,True,True,False,adam,True,1,10,hamqaoa,0.001,False,False,hog,False,False,False,False,True,False,False,1,HOG_graphs/Exp5/path_graphs_2to12vertices_11instances_AdjacencyList.txt,False,0,16,1,1,0,0,0,5,10,42,True,_FINAL_BENCHMARKS_STANDARD,1,,42,6,"[(0, 1), (2, 3), (1, 2), (5, 6), (3, 4), (4, 5), (6, 7)]","[1.0, 1.0, 1.0, 1.0, 1.0, 1.0, 1.0]"
02f82ab9,9,8,2,75.0,False,False,"[1, 1, 1]",,,,,,,,,,,,,,2.1848604854379827,"[2.1848604854379827, 2.190937870329441, 2.1970182159819673, 2.2031010041342944, 2.209185710301684, 2.2152718005224035, 2.221358713831232, 2.227445891365992, 2.2335327582160382, 2.239618732076072, 2.245703213682571, 2.2517855926644117, 2.2578652552287064, 2.263941576868435, 2.2700139142671882, 2.27608162050178, 2.282144040372383, 2.288200521673182, 2.294250401581363, 2.3002930043794256, 2.3063276592121125, 2.3123536908296995, 2.318370411154887, 2.3243771444101324, 2.3303732093400273, 2.3363579180684284, 2.3423306000848005, 2.3482905690862212, 2.3542371615020175, 2.3601697097609913, 2.366087551753182, 2.371990036723995, 2.3778765208478454, 2.383746360734574, 2.3895989354593445, 2.3954336335426336, 2.40124985136343, 2.4070470027021096, 2.4128245220899363, 2.418581844028384, 2.424318428846689, 2.4300337548251845, 2.4357273117012532, 2.4413986174598166, 2.4470472128917087, 2.452672650094722, 2.4582745038897995, 2.4638523689491385, 2.4694058606898457, 2.474934623170685, 2.480438319050546, 2.4859166396052546, 2.4913693066930693, 2.496796053895073, 2.502196643064516, 2.507570866223443, 2.512918538674411, 2.518239500735705, 2.5235336140996956, 2.528800769945016, 2.5340408771605016, 2.539253880575493, 2.544439741458781, 2.549598454214866, 2.554730031578982, 2.5598344964221207, 2.5649119088701986, 2.5699623498208957, 2.574985906712751, 2.5799827074281914, 2.5849528883489286, 2.5898965824686697, 2.5948139781900137, 2.599705252575571, 2.6045705974269433, 2.6094102118406615]",75,,,,,2.6094102118406615,,0.45491809829858115,,,,6.14928936958313,6.14928936958313,False,,0.0,0.0,,,6.158121824264526,2026-09-07 15:15:08,x86_64,dacsgpu0002,,64,64,3.11.15,0.22,True,False,True,False,,True,True,True,False,adam,True,1,10,hamqaoa,0.001,False,False,hog,False,False,False,False,True,False,False,1,HOG_graphs/Exp5/path_graphs_2to12vertices_11instances_AdjacencyList.txt,False,0,16,1,1,0,0,0,5,10,42,True,_FINAL_BENCHMARKS_STANDARD,1,,42,7,"[(0, 1), (2, 3), (1, 2), (5, 6), (3, 4), (7, 8), (4, 5), (6, 7)]","[1.0, 1.0, 1.0, 1.0, 1.0, 1.0, 1.0, 1.0]"
a79fd638,7,6,5,75.0,False,False,"[1, 1, 1]",,,,,,,,,,,,,,1.9871360356558467,"[1.9871360356558467, 2.0045144460740216, 2.021817834233136, 2.039040552161403, 2.0561769627005484, 2.073221445030779, 2.0901684153532827, 2.107012324189691, 2.123747670155776, 2.140369024664851, 2.1568710475896626, 2.173248473144353, 2.1894961443977556, 2.205609020085926, 2.2215821989427433, 2.2374109221886305, 2.253090593688346, 2.2686167907613757, 2.2839852706758963, 2.2991920031436117, 2.314233155285664, 2.3291051256314645, 2.3438045396737595, 2.3583282691281493, 2.3726734258997126, 2.38683738533737, 2.40081779320583, 2.4146125638952207, 2.428219890820981, 2.4416382326348947, 2.4548663335317853, 2.4679032338453677, 2.4807482253089974, 2.4934009091226765, 2.5058611419161902, 2.5181290598701342, 2.530205068878859, 2.542089839317193, 2.553784289825015, 2.565289589655681, 2.5766071520951073, 2.58773861270191, 2.5986857978147455, 2.609450741661524, 2.6200356645562968, 2.6304429675140044, 2.6406751782202877, 2.6507349724996194, 2.660625132382621, 2.6703485615738964, 2.6799082238113368, 2.6893071609146446, 2.6985484322332183, 2.7076351615114644, 2.716570466342872, 2.7253574832145055, 2.733999317080697, 2.742499046466335, 2.750859714935407, 2.7590843298462957, 2.7671758214422915, 2.7751370806175006, 2.782970901978131, 2.7906800349813836, 2.798267144622275, 2.805734821888146, 2.8130855825975516, 2.8203218857820342, 2.827446097124931, 2.8344605022579645, 2.8413673418748706, 2.848168777889896, 2.8548669213119804, 2.861463820872416, 2.8679614598565086, 2.8743617871657]",75,,,,,2.8743617871657,,0.6629063162282518,,,,19.408180952072144,19.408180952072144,False,,0.0,0.0,,,19.4159255027771,2026-09-07 15:15:09,x86_64,dacsgpu0002,,64,64,3.11.15,0.23,True,False,True,False,,True,True,True,False,adam,True,1,10,hamqaoa,0.001,False,False,hog,False,False,False,False,True,False,False,1,HOG_graphs/Exp5/path_graphs_2to12vertices_11instances_AdjacencyList.txt,False,0,16,1,1,0,0,0,5,10,42,True,_FINAL_BENCHMARKS_STANDARD,1,,42,5,"[(0, 1), (2, 3), (1, 2), (5, 6), (3, 4), (4, 5)]","[1.0, 1.0, 1.0, 1.0, 1.0, 1.0]"
8c35d2e3,5,4,5,75.0,False,False,"[1, 1, 1]",,,,,,,,,,,,,,1.3180295728266438,"[1.3180295728266438, 1.3259014533197113, 1.3337708481523955, 1.34163749720362, 1.3495079404553014, 1.3573934940415024, 1.3653008920187621, 1.3732311326110347, 1.3811828002635413, 1.3891537580588469, 1.3971416678372988, 1.4051441653765686, 1.413158935989044, 1.4211837386563755, 1.429216426192142, 1.4372549461147672, 1.445297322255801, 1.4533416328699729, 1.4613859597887446, 1.469428336270999, 1.4774666839579893, 1.4854987655399672, 1.4935221380836632, 1.5015341407687997, 1.509531897327006, 1.5175123239072594, 1.5254721908034112, 1.533408155354087, 1.541316826151636, 1.5491948101451722, 1.5570387605948288, 1.5648454263644447, 1.5726116834565798, 1.580334567448067, 1.5880112933565333, 1.5956392648892346, 1.6032160737212786, 1.610739517011969, 1.618207572407792, 1.6256184034506496, 1.6329703305617487, 1.640261822911208, 1.647491483346087, 1.6546580324232838, 1.6617602872226245, 1.6687971835259119, 1.675767740007672, 1.6826710697595093, 1.6895063825383418, 1.6962729776121295, 1.7029702672080806, 1.709597758475828, 1.7161550880965577, 1.7226420127076636, 1.7290584156448745, 1.7354043122077185, 1.741679854039608, 1.7478853213202525, 1.754021122664234, 1.7600877852385466, 1.766085957829521, 1.772016379523716, 1.777879888912743, 1.7836773984894463, 1.7894098754769328, 1.7950783394916465, 1.8006838342383658, 1.806227420775839, 1.8117101603623507, 1.8171330949386677, 1.8224972516333051, 1.82780361188515, 1.8330531111208037, 1.838246623067208, 1.8433849647190512, 1.8484688902055781]",75,,,,,1.8484688902055781,,0.6313076810811401,,,,13.424699783325195,13.424699783325195,False,,0.0,0.0,,,13.431633234024048,2026-09-07 15:15:09,x86_64,dacsgpu0002,,64,64,3.11.15,0.23,True,False,True,False,,True,True,True,False,adam,True,1,10,hamqaoa,0.001,False,False,hog,False,False,False,False,True,False,False,1,HOG_graphs/Exp5/path_graphs_2to12vertices_11instances_AdjacencyList.txt,False,0,16,1,1,0,0,0,5,10,42,True,_FINAL_BENCHMARKS_STANDARD,1,,42,3,"[(1, 2), (3, 4), (0, 1), (2, 3)]","[1.0, 1.0, 1.0, 1.0]"
a0d0a939,10,9,4,75.0,False,False,"[1, 1, 1]",,,,,,,,,,,,,,2.5927568869918476,"[2.5927568869918476, 2.600161380941626, 2.6075263825577855, 2.6148497746846515, 2.6221297128355996, 2.6293645416844553, 2.636552715084571, 2.643692794119636, 2.6507834454621477, 2.657823449794258, 2.664811707700624, 2.671747250017742, 2.6786292412101997, 2.68545704113916, 2.6922301894982494, 2.6989484193687883, 2.7056116816911224, 2.7122201604141893, 2.7187742655730927, 2.725274688340666, 2.731722370042916, 2.7381184893176496, 2.7444644911499334, 2.7507620588022177, 2.757013082239534, 2.763219642537578, 2.7693839572321663, 2.7755083381852237, 2.781595157226815, 2.787646774078027, 2.7936655155180916, 2.7996535837378795, 2.8056130232432057, 2.8115457146459906, 2.8174533142241005, 2.823337276094903, 2.829198799257106, 2.83503889873848, 2.8408583451003486, 2.846657734523477, 2.8524374959635797, 2.858197934571925, 2.8639392436215325, 2.869661534400205, 2.8753649157521823, 2.881049455954874, 2.8867152310035724, 2.8923623796711913, 2.8979910720218447, 2.90360152712848, 2.9091940757851598, 2.914769104392097, 2.9203271073122044, 2.925868626005993, 2.9313943027612095, 2.936904826334649, 2.9424009743729167, 2.947883519589155, 2.953353275907973, 2.9588110983332703, 2.9642578133365265, 2.9696942617404622, 2.9751212450355626, 2.980539555644268, 2.9859499083389136, 2.991353001224089, 2.9967494804014425, 3.0021399680924805, 3.007525008538955, 3.012905080218904, 3.018280637743674, 3.0236520924968913, 3.0290198131898745, 3.0343840937115174, 3.0397452140978065, 3.045103417626714]",75,,,,,3.045103417626714,,0.4679015700102511,,,,22.228209257125854,22.228209257125854,False,,0.0,0.0,,,22.234545707702637,2026-09-07 15:15:11,x86_64,dacsgpu0002,,64,64,3.11.15,0.24,True,False,True,False,,True,True,True,False,adam,True,1,10,hamqaoa,0.001,False,False,hog,False,False,False,False,True,False,False,1,HOG_graphs/Exp5/path_graphs_2to12vertices_11instances_AdjacencyList.txt,False,0,16,1,1,0,0,0,5,10,42,True,_FINAL_BENCHMARKS_STANDARD,1,,42,8,"[(8, 9), (0, 1), (2, 3), (1, 2), (5, 6), (3, 4), (7, 8), (4, 5), (6, 7)]","[1.0, 1.0, 1.0, 1.0, 1.0, 1.0, 1.0, 1.0, 1.0]"
337a53a8,8,7,5,75.0,False,False,"[1, 1, 1]",,,,,,,,,,,,,,2.343734913347096,"[2.343734913347096, 2.353596509009563, 2.3633902055518163, 2.3731116359449067, 2.382758243539932, 2.3923306786645684, 2.40183385214213, 2.4112757599854393, 2.420663853860267, 2.4300022772983096, 2.439291920021532, 2.4485317463662835, 2.4577198210159596, 2.466853836874095, 2.475931410449223, 2.484950141495196, 2.493907686637923, 2.502801765178516, 2.5116301717727882, 2.520390832001147, 2.5290818048316366, 2.5377013366062555, 2.5462478766242955, 2.554720065926282, 2.563116741682769, 2.57143690496129, 2.5796797291909606, 2.587844592586453, 2.5959310997762675, 2.6039390666928157, 2.61186856004456, 2.6197198747090757, 2.627493539930263, 2.635190291498956, 2.642811045918456, 2.6503569037417267, 2.657829060442886, 2.665228849168549, 2.672557644498955, 2.6798168621660516, 2.6870079310680364, 2.6941322313217326, 2.701191115842828, 2.7081858490902517, 2.7151176343279104, 2.7219875898589994, 2.728796740225857, 2.7355460450279354, 2.7422363918881576, 2.7488686269811535, 2.7554435363116045, 2.7619618546649876, 2.768424304274501, 2.774831593719183, 2.7811844025538046, 2.787483419176306, 2.7937293133144823, 2.7999227367948283, 2.8060643527164246, 2.812154797287305, 2.8181947285787885, 2.8241847660814976, 2.8301255091750326, 2.8360175433687203, 2.8418614529289044, 2.8476577837508956, 2.8534070741954567, 2.859109804871237, 2.8647664403490056, 2.8703774096941914, 2.875943086219536, 2.881463814285736, 2.886939912778391, 2.8923715989395067, 2.8977590778846163, 2.9031024918019033]",75,,,,,2.9031024918019033,,0.5664590227906152,,,,21.583353519439697,21.583353519439697,False,,0.0,0.0,,,21.59604287147522,2026-09-07 15:15:12,x86_64,dacsgpu0002,,64,64,3.11.15,0.24,True,False,True,False,,True,True,True,False,adam,True,1,10,hamqaoa,0.001,False,False,hog,False,False,False,False,True,False,False,1,HOG_graphs/Exp5/path_graphs_2to12vertices_11instances_AdjacencyList.txt,False,0,16,1,1,0,0,0,5,10,42,True,_FINAL_BENCHMARKS_STANDARD,1,,42,6,"[(0, 1), (2, 3), (1, 2), (5, 6), (3, 4), (4, 5), (6, 7)]","[1.0, 1.0, 1.0, 1.0, 1.0, 1.0, 1.0]"
acbd2756,9,8,3,75.0,False,False,"[1, 1, 1]",,,,,,,,,,,,,,2.7441693357738015,"[2.7441693357738015, 2.757575461209893, 2.770775153299448, 2.783758112380226, 2.796514382708402, 2.8090344475660247, 2.821309353357007, 2.8333308090778373, 2.845091336564717, 2.8565844099119606, 2.8678046077663177, 2.8787477829922596, 2.8894112162733037, 2.899793776630777, 2.9098960813613615, 2.91972063611577, 2.92927191522605, 2.9385564486803126, 2.9475827804927, 2.9563614078423748, 2.964904594089268, 2.9732261164688003, 2.9813409026867643, 2.989264650152071, 2.9970133487916497, 3.0046028424457587, 3.012048424764634, 3.0193644521124456, 3.0265640731733336, 3.0336590579820544, 3.04065970618783, 3.047574852090527, 3.0544119080077405, 3.061176976856473, 3.06787499318367, 3.0745098750834385, 3.081084680185808, 3.087601741675337, 3.0940628146900226, 3.100469202410763, 3.1068218692674883, 3.113121548008034, 3.1193688104983224, 3.1255641454646232, 3.131708018928671, 3.13780092140143, 3.143843403386577, 3.149836115854358, 3.155779838773696, 3.161675450323938, 3.167523984701758, 3.1733265900846774, 3.1790845681195274, 3.184799304760809, 3.1904722894784583, 3.196105074156799, 3.2016992556949875, 3.2072564316390313, 3.212778215574138, 3.2182661565082586, 3.223721750252902, 3.229146389264904, 3.2345413605811038, 3.239907829840053, 3.245246807607621, 3.250559179590764, 3.255845673350616, 3.261106900714926, 3.266343357883161, 3.271555397272095, 3.276743281111244, 3.28190719261648, 3.2870472424318264, 3.292163504797822, 3.2972560227101506, 3.3023248177279645]",75,,,,,3.3023248177279645,,0.5757191104825601,,,,11.066381216049194,11.066381216049194,False,,0.0,0.0,,,11.074484586715698,2026-09-07 15:15:13,x86_64,dacsgpu0002,,64,64,3.11.15,0.23,True,False,True,False,,True,True,True,False,adam,True,1,10,hamqaoa,0.001,False,False,hog,False,False,False,False,True,False,False,1,HOG_graphs/Exp5/path_graphs_2to12vertices_11instances_AdjacencyList.txt,False,0,16,1,1,0,0,0,5,10,42,True,_FINAL_BENCHMARKS_STANDARD,1,,42,7,"[(0, 1), (2, 3), (1, 2), (5, 6), (3, 4), (7, 8), (4, 5), (6, 7)]","[1.0, 1.0, 1.0, 1.0, 1.0, 1.0, 1.0, 1.0]"
299e5734,9,8,4,75.0,False,False,"[1, 1, 1]",,,,,,,,,,,,,,2.442077108436273,"[2.442077108436273, 2.4554514288227254, 2.4688619071588205, 2.4823042889436904, 2.495774196535461, 2.5092670937399792, 2.5227782892610544, 2.5363029463290045, 2.54983606478871, 2.563372492150915, 2.5769069321239413, 2.590433944021004, 2.603947932995187, 2.617443181043038, 2.6309138565665773, 2.644354015642797, 2.6577576191135517, 2.67111853857345, 2.684430586094729, 2.6976875362277775, 2.7108831267536653, 2.7240111147951946, 2.737065274263863, 2.7500394318462553, 2.762927480129042, 2.7757234268165742, 2.788421426834062, 2.8010157967897062, 2.813501049987283, 2.8258719361430074, 2.838123463480187, 2.850250919468217, 2.862249928623606, 2.8741164519221356, 2.8858468421301695, 2.8974378347916354, 2.9088865825195973, 2.920190670614208, 2.9313481163712236, 2.942357396894219, 2.9532174300013967, 2.9639275692557825, 2.974487591996785, 2.984897670424124, 2.9951583772589703, 3.005270613242424, 3.0152356040195967, 3.025054846894744, 3.034730112422343, 3.044263374659254, 3.053656792635259, 3.062912682726624, 3.072033471073864, 3.081021669419803, 3.089879891444991, 3.0986107861619763, 3.107217073402199, 3.1157014857430223, 3.1240667762249137, 3.132315731333593, 3.140451126928812, 3.148475771806231, 3.156392458098016, 3.1642039794954164, 3.1719131303354193, 3.1795226885038748, 3.1870354589342975, 3.194454227563917, 3.2017817812113956, 3.2090208945567453, 3.216174335595317, 3.223244853970622, 3.230235191545332, 3.2371480576417286, 3.2439861364718503, 3.2507520872243933]",75,,,,,3.2507520872243933,,0.5667280486792876,,,,16.937562227249146,16.937562227249146,False,,0.0,0.0,,,16.947952032089233,2026-09-07 15:15:19,x86_64,dacsgpu0002,,64,64,3.11.15,0.23,True,False,True,False,,True,True,True,False,adam,True,1,10,hamqaoa,0.001,False,False,hog,False,False,False,False,True,False,False,1,HOG_graphs/Exp5/path_graphs_2to12vertices_11instances_AdjacencyList.txt,False,0,16,1,1,0,0,0,5,10,42,True,_FINAL_BENCHMARKS_STANDARD,1,,42,7,"[(0, 1), (2, 3), (1, 2), (5, 6), (3, 4), (7, 8), (4, 5), (6, 7)]","[1.0, 1.0, 1.0, 1.0, 1.0, 1.0, 1.0, 1.0]"
8e48672b,10,9,5,75.0,False,False,"[1, 1, 1]",,,,,,,,,,,,,,3.03814555704792,"[3.03814555704792, 3.05128000179363, 3.0643875159061307, 3.0774628371389556, 3.0905020689241978, 3.103503590440083, 3.1164683130248676, 3.1293981750107074, 3.14229348361932, 3.155151828123103, 3.16796872394504, 3.18073860430609, 3.193455481805166, 3.206113197154885, 3.2187056258903555, 3.23122669498, 3.2436704872002142, 3.256031235632249, 3.2683033720678014, 3.2804815544227326, 3.292560741716219, 3.304536234504403, 3.316403692169445, 3.3281591765172704, 3.339799213648468, 3.3513207209996527, 3.3627210247904435, 3.3739977764232223, 3.3851488918728165, 3.396172494937878, 3.407066917201228, 3.4178306394735016, 3.4284623734459347, 3.4389610617420336, 3.449325924557775, 3.459556536839874, 3.469652806887293, 3.479614989251531, 3.4894436414401633, 3.499139651029397, 3.508704120176878, 3.518138333622692, 3.527443717235028, 3.536621788029881, 3.5456740805638085, 3.5546021750712247, 3.5634075970307744, 3.572091872171235, 3.58065646810885, 3.5891028431592042, 3.5974324046293793, 3.6056464706281033, 3.6137463568771855, 3.621733262880191, 3.6296082810838257, 3.637372451755253, 3.645026688366232, 3.6525718418739275, 3.6600086488993804, 3.6673377834298924, 3.6745598919554725, 3.6816755351172326, 3.688685295299262, 3.6955897171851095, 3.7023893132960835, 3.7090846377202604, 3.7156762882801706, 3.722164836868865, 3.7285509259459864, 3.7348352196905, 3.741018431556977, 3.7471013662441863, 3.7530848611106093, 3.7589698084817473, 3.7647571960319905, 3.7704480806638365]",75,,,,,3.7704480806638365,,0.5793558820933984,,,,31.08096742630005,31.08096742630005,False,,0.0,0.0,,,31.090631008148193,2026-09-07 15:15:20,x86_64,dacsgpu0002,,64,64,3.11.15,0.24,True,False,True,False,,True,True,True,False,adam,True,1,10,hamqaoa,0.001,False,False,hog,False,False,False,False,True,False,False,1,HOG_graphs/Exp5/path_graphs_2to12vertices_11instances_AdjacencyList.txt,False,0,16,1,1,0,0,0,5,10,42,True,_FINAL_BENCHMARKS_STANDARD,1,,42,8,"[(8, 9), (0, 1), (2, 3), (1, 2), (5, 6), (3, 4), (7, 8), (4, 5), (6, 7)]","[1.0, 1.0, 1.0, 1.0, 1.0, 1.0, 1.0, 1.0, 1.0]"
ada2f78b,9,8,5,75.0,False,False,"[1, 1, 1]",,,,,,,,,,,,,,2.525848950805546,"[2.525848950805546, 2.5408489370999705, 2.5558205842014337, 2.570753445594148, 2.5856369965919335, 2.600460675461243, 2.6152139117857005, 2.6298861730485865, 2.644467017279891, 2.6589461653372117, 2.6733135609649588, 2.687559441399144, 2.70167443768792, 2.7156496848367007, 2.7294768926025426, 2.743148500446461, 2.7566577416554563, 2.7699987795306016, 2.78316679415026, 2.796158041505316, 2.8089699099311334, 2.8216008936177968, 2.8340505515108916, 2.846319378679862, 2.858408676216473, 2.8703203365054435, 2.8820566015630917, 2.8936198750206796, 2.9050125278607184, 2.916236755261054, 2.9272945643235557, 2.9381876641448823, 2.9489175522792355, 2.9594855373697966, 2.969892783443553, 2.98014043551969, 2.9902296612305115, 3.000161708839867, 3.0099379446778984, 3.0195599141844536, 3.0290293745540042, 3.0383482689041554, 3.047518739079667, 3.056543143836155, 3.0654240030838817, 3.0741640255787903, 3.0827660462093878, 3.0912330227583245, 3.0995680012007374, 3.10777407342651, 3.115854349213348, 3.1238119467240137, 3.1316499603306847, 3.1393714309430107, 3.146979320258143, 3.154476509969566, 3.161865771810273, 3.1691497787173293, 3.1763310498954587, 3.1834119985628893, 3.190394892818866, 3.1972818907990934, 3.204074997695638, 3.210776093652108, 3.2173869613191726, 3.2239092676821537, 3.2303445855109327, 3.236694411228809, 3.2429601438945452, 3.249143144215703, 3.2552447103355058, 3.2612660931779347, 3.2672085199892087, 3.2730732035661436, 3.2788613562448705, 3.284574186090763]",75,,,,,3.284574186090763,,0.5726245094300494,,,,28.878077030181885,28.878077030181885,False,,0.0,0.0,,,28.89189887046814,2026-09-07 15:15:31,x86_64,dacsgpu0002,,64,64,3.11.15,0.24,True,False,True,False,,True,True,True,False,adam,True,1,10,hamqaoa,0.001,False,False,hog,False,False,False,False,True,False,False,1,HOG_graphs/Exp5/path_graphs_2to12vertices_11instances_AdjacencyList.txt,False,0,16,1,1,0,0,0,5,10,42,True,_FINAL_BENCHMARKS_STANDARD,1,,42,7,"[(0, 1), (2, 3), (1, 2), (5, 6), (3, 4), (7, 8), (4, 5), (6, 7)]","[1.0, 1.0, 1.0, 1.0, 1.0, 1.0, 1.0, 1.0]"
5083fd22,3,2,1,75.0,False,False,"[1, 1, 1]",,,,,,,,,,,,,,0.7829984929907114,"[0.7829984929907114, 0.7850802025291792, 0.7871710224866229, 0.7892709661014875, 0.7913800469121578, 0.7934982766878029, 0.7956256644452491, 0.7977622176639104, 0.7999079417504831, 0.8020628380688204, 0.8042269050196829, 0.8064001374615, 0.8085825268197556, 0.8107740595452625, 0.8129747187135374, 0.81518448257332, 0.8174033249552919, 0.8196312155471595, 0.8218681178827868, 0.8241139912650965, 0.8263687903022029, 0.8286324648783145, 0.830904959341352, 0.8331862141776937, 0.8354761648520568, 0.8377747409717454, 0.8400818694446387, 0.8423974718986427, 0.8447214655637842, 0.8470537640807985, 0.8493942751839362, 0.8517429056978767, 0.854099557294083, 0.8564641283372001, 0.8588365137591586, 0.8612166056062301, 0.8636042930602612, 0.8659994626203753, 0.8684019981873377, 0.8708117821540471, 0.8732286958576077, 0.8756526171889513, 0.8780834221506977, 0.8805209858796184, 0.8829651826029892, 0.8854158856767953, 0.8878729669449608, 0.8903362977269442, 0.8928057487946057, 0.8952811903676671, 0.8977624925949942, 0.9002495251722106, 0.9027421588788002, 0.9052402643149857, 0.9077437118877159, 0.9102523736257428, 0.9127661196530041, 0.9152848230046557, 0.9178083556283017, 0.9203365919717568, 0.9228694068860154, 0.9254066755913402, 0.9279482745489391, 0.9304940811521659, 0.9330439742851215, 0.9355978343016955, 0.9381555408152973, 0.9407169769021251, 0.9432820256679892, 0.9458505709787153, 0.948422498878822, 0.9509976963846278, 0.9535760500272541, 0.9561574476062333, 0.9587417793359976, 0.961328936198425]",75,,,,,0.961328936198425,,0.6408859574656166,,,,1.4285452365875244,1.4285452365875244,False,,0.0,0.0,,,1.4375190734863281,2026-09-07 15:21:20,x86_64,dacsgpu0002,,64,64,3.11.15,0.22,True,False,True,False,,True,False,True,False,adam,True,1,10,hamqaoa,0.001,False,False,hog,False,False,False,False,True,False,False,1,HOG_graphs/Exp5/path_graphs_2to12vertices_11instances_AdjacencyList.txt,False,0,16,1,1,0,0,0,5,10,42,True,_FINAL_BENCHMARKS_STANDARD,1,,42,1,"[(1, 2), (0, 1)]","[1.0, 1.0]"
9dc4e81c,4,3,1,75.0,False,False,"[1, 1, 1]",,,,,,,,,,,,,,1.0435203194601181,"[1.0435203194601181, 1.0439244646969907, 1.044328019071927, 1.0447309146599901, 1.0451330917183297, 1.0455345032446401, 1.0459351173532405, 1.0463349224681684, 1.0467339355869423, 1.0471322039298983, 1.0475298053075799, 1.0479268451754737, 1.0483234452287642, 1.0487197256197425, 1.0491157847232557, 1.0495116871218133, 1.049907453040654, 1.0503030591818627, 1.0506984477061119, 1.0510935334679021, 1.0514882161154266, 1.0518823923647975, 1.052275960687322, 1.0526688293004136, 1.0530609212951816, 1.0534521773290844, 1.0538425576364436, 1.0542320396478282, 1.0546206168792918, 1.0550082913184258, 1.0553950667626255, 1.0557809450826836, 1.0561659184300292, 1.0565499665112192, 1.0569330565117103, 1.057315143622467, 1.0576961776119624, 1.0580761034288826, 1.0584548682819552, 1.0588324260386912, 1.059208738571378, 1.0595837776282186, 1.0599575242108723, 1.0603299666214534, 1.060701097267534, 1.0610709084733407, 1.0614393912291489, 1.061806531164301, 1.0621723082722112, 1.062536698090967, 1.0628996755968252, 1.06326121562096, 1.0636212958174556, 1.0639798992541416, 1.0643370149935067, 1.06469263675591, 1.0650467610971248, 1.0653993877389163, 1.0657505165162786, 1.0661001449289829, 1.0664482693744703, 1.0667948854437206, 1.0671399888135058, 1.0674835753324354, 1.0678256435548084, 1.0681661951602983, 1.0685052358103864, 1.0688427719546394, 1.0691788142659044, 1.0695133726611497, 1.0698464576194746, 1.070178079013638, 1.0705082470293914, 1.0708369715222092, 1.0711642624285511, 1.0714901341827265]",75,,,,,1.0714901341827265,,0.4528698791981092,,,,1.5106289386749268,1.5106289386749268,False,,0.0,0.0,,,1.5183813571929932,2026-09-07 15:21:20,x86_64,dacsgpu0002,,64,64,3.11.15,0.22,True,False,True,False,,True,True,True,False,adam,True,1,10,hamqaoa,0.001,False,False,hog,False,False,False,False,True,False,False,1,HOG_graphs/Exp5/path_graphs_2to12vertices_11instances_AdjacencyList.txt,False,0,16,1,1,0,0,0,5,10,42,True,_FINAL_BENCHMARKS_STANDARD,1,,42,2,"[(1, 2), (0, 1), (2, 3)]","[1.0, 1.0, 1.0]"
16d65688,6,5,1,75.0,False,False,"[1, 1, 1]",,,,,,,,,,,,,,1.520602425692767,"[1.520602425692767, 1.5233013137530536, 1.526011163818481, 1.5287320120950574, 1.5314638987067177, 1.5342068576912666, 1.5369609213873456, 1.539726116968202, 1.5425024690573401, 1.545289997734409, 1.5480887173671964, 1.5508986354327678, 1.5537197556320095, 1.5565520768207972, 1.5593955885589335, 1.5622502781211183, 1.5651161230551323, 1.5679930944355691, 1.570881157278562, 1.5737802715505465, 1.5766903854453078, 1.5796114453410588, 1.582543386269175, 1.5854861370203717, 1.588439621117017, 1.5914037569056514, 1.5943784526337708, 1.5973636126169068, 1.600359137969968, 1.6033649154285952, 1.6063808298086755, 1.6094067612177845, 1.6124425853906277, 1.6154881677857282, 1.618543375524681, 1.6216080661045078, 1.6246820951831578, 1.6277653141893662, 1.6308575707114945, 1.6339587084869978, 1.6370685689248903, 1.6401869903470834, 1.6433138077795488, 1.6464488547144835, 1.6495919616782353, 1.6527429574380008, 1.655901671629129, 1.6590679293416206, 1.6622415589277355, 1.665422384071484, 1.6686102274713248, 1.6718049144645983, 1.6750062678033415, 1.6782141137593019, 1.681428273535994, 1.6846485742186657, 1.6878748425753578, 1.6911069046304752, 1.6943445885938302, 1.6975877213950725, 1.7008361355983421, 1.7040896633956166, 1.7073481368110845, 1.7106113932180869, 1.7138792654376003, 1.7171515961860795, 1.7204282246243898, 1.7237089977067246, 1.7269937571411622, 1.7302823507793537, 1.7335746283939846, 1.736870439466257, 1.7401696406514484, 1.743472086162789, 1.746777633405325, 1.7500861455413386]",75,,,,,1.7500861455413386,,0.46743753887322076,,,,2.249347686767578,2.249347686767578,False,,0.0,0.0,,,2.255340099334717,2026-09-07 15:21:21,x86_64,dacsgpu0002,,64,64,3.11.15,0.22,True,False,True,False,,True,True,True,False,adam,True,1,10,hamqaoa,0.001,False,False,hog,False,False,False,False,True,False,False,1,HOG_graphs/Exp5/path_graphs_2to12vertices_11instances_AdjacencyList.txt,False,0,16,1,1,0,0,0,5,10,42,True,_FINAL_BENCHMARKS_STANDARD,1,,42,4,"[(0, 1), (2, 3), (1, 2), (3, 4), (4, 5)]","[1.0, 1.0, 1.0, 1.0, 1.0]"
ec545206,2,1,2,75.0,False,False,"[1, 1, 1]",,,,,,,,,,,,,,0.42245263957116064,"[0.42245263957116064, 0.4245942309206995, 0.42673459002060987, 0.42887360228632826, 0.43101115619529085, 0.43314714380937314, 0.435281462064666, 0.43741401328796037, 0.4395447054195628, 0.44167345280704723, 0.4438001784764686, 0.44592481357051894, 0.44804729864309667, 0.4501675856403873, 0.4522856373812616, 0.45440142971633846, 0.4565149506037171, 0.4586262021864586, 0.46073520070325374, 0.46284197665481625, 0.4649465747671061, 0.46704905458302803, 0.46914949010798906, 0.4712479683716798, 0.47334458839364785, 0.4754394607323968, 0.4775327050662844, 0.4796244492164583, 0.4817148256406543, 0.4838039699438592, 0.48589201693556083, 0.48797909951601637, 0.490065344995519, 0.49215087229806653, 0.49423578830585313, 0.49632018746305445, 0.49840414862642535, 0.5004877345708947, 0.5025709889494312, 0.5046539374023968, 0.50673658752896, 0.5088189282658003, 0.5109009311622397, 0.5129825524429633, 0.5150637339458327, 0.5171444047779398, 0.5192244839627607, 0.521303883526261, 0.5233825089075923, 0.525460261808443, 0.5275370413962184, 0.5296127477072876, 0.5316872821650283, 0.5337605505176399, 0.5358324607670389, 0.5379029268519322, 0.5399718682909297, 0.5420392102965641, 0.544104884321835, 0.5461688258636055, 0.5482309762580926, 0.5502912804864364, 0.552349688437195, 0.5544061517376664, 0.5564606252287492, 0.5585130647851275, 0.5605634258830816, 0.5626116654304036, 0.5646577386030134, 0.566701599496651, 0.5687432012958022, 0.5707824952333699, 0.5728194306602472, 0.5748539559263721, 0.5768860176020395, 0.5789155609147212]",75,,,,,0.5789155609147212,,0.5789155609147212,,,,2.2989048957824707,2.2989048957824707,False,,0.0,0.0,,,2.3057148456573486,2026-09-07 15:21:21,x86_64,dacsgpu0002,,64,64,3.11.15,0.22,True,False,True,True,1,True,False,True,False,adam,True,1,10,hamqaoa,0.001,False,False,hog,False,False,False,False,True,False,False,1,HOG_graphs/Exp5/path_graphs_2to12vertices_11instances_AdjacencyList.txt,False,0,16,1,1,0,0,0,5,10,42,True,_FINAL_BENCHMARKS_STANDARD,1,,42,0,"[(0, 1)]",[1.0]
b17c8e90,3,2,2,75.0,False,False,"[1, 1, 1]",,,,,,,,,,,,,,0.9313648892111254,"[0.9313648892111254, 0.9334926251284854, 0.9355978062637234, 0.9376799436420801, 0.9397386157639699, 0.9417734917695816, 0.9437843592896307, 0.9457711584167885, 0.947734017080155, 0.9496732714056194, 0.951589469134485, 0.9534833324873582, 0.955355684022614, 0.9572073387320132, 0.9590390013553323, 0.960851198377133, 0.962644257235477, 0.9644183203398757, 0.9661733922948081, 0.9679093815950467, 0.9696261479340247, 0.9713235330248577, 0.9730013883421113, 0.9746595856702979, 0.9762980314527614, 0.9779166736483841, 0.9795154998606508, 0.9810945444505492, 0.9826538851938451, 0.9841936423412861, 0.9857139775834604, 0.9872150898857148, 0.9886972138838126, 0.9901606203713575, 0.9916056084620046, 0.9930325104938943, 0.9944416833592364, 0.9958335082487166, 0.9972083892034371, 0.9985667526586007, 0.9999090429777139, 1.0012357237320069, 1.0025472771985324, 1.0038441996045486, 1.005127003201393, 1.0063962176463366, 1.007652386050271, 1.0088960668649147, 1.0101278312049966, 1.0113482606271684, 1.012557952011973, 1.0137575148238531, 1.014947564223101, 1.016128728558797, 1.0173016428692354, 1.0184669501356238, 1.0196252972194255, 1.0207773337075414, 1.0219237136741666, 1.0230650902638598, 1.0242021142726532, 1.025335433641785, 1.0264656914105759, 1.0275935229186133, 1.0287195554909294, 1.0298444041014523, 1.0309686744499622, 1.0320929572337605, 1.0332178265448704, 1.0343438391018993, 1.0354715331426003, 1.0366014284526806, 1.0377340222042475, 1.0388697897308186, 1.0400091820900808, 1.0411526251092869]",75,,,,,1.0411526251092869,,0.6941017500728579,,,,2.738351345062256,2.738351345062256,False,,0.0,0.0,,,2.744413375854492,2026-09-07 15:21:21,x86_64,dacsgpu0002,,64,64,3.11.15,0.22,True,False,True,False,,True,False,True,False,adam,True,1,10,hamqaoa,0.001,False,False,hog,False,False,False,False,True,False,False,1,HOG_graphs/Exp5/path_graphs_2to12vertices_11instances_AdjacencyList.txt,False,0,16,1,1,0,0,0,5,10,42,True,_FINAL_BENCHMARKS_STANDARD,1,,42,1,"[(1, 2), (0, 1)]","[1.0, 1.0]"
736d46d9,4,3,2,75.0,False,False,"[1, 1, 1]",,,,,,,,,,,,,,1.0400524357995367,"[1.0400524357995367, 1.0435634856313618, 1.0470545798149609, 1.050524648097301, 1.0539726207700124, 1.0573974362561693, 1.0607980481701698, 1.0641734301680559, 1.0675225863094986, 1.070844559304247, 1.0741384369058578, 1.0774033656040831, 1.0806385604874957, 1.083843321102147, 1.0870170430432045, 1.0901592277574677, 1.0932694950649278, 1.0963475895024337, 1.0993933913045795, 1.1024069073746787, 1.105388266413492, 1.108337703226915, 1.111255540149388, 1.1141421556393274, 1.1169979588701826, 1.1198233588978512, 1.122618735210262, 1.1253844365018555, 1.1281207627530194, 1.130827959240419, 1.133506229302169, 1.1361557398074875, 1.1387766361491756, 1.1413690552827689, 1.1439331356616422, 1.1464690270724645, 1.148976896640374, 1.1514569443409426, 1.1539093985973252, 1.1563345273861882, 1.158732639281441, 1.1611040740897183, 1.163449209081875, 1.165768456931396, 1.1680622649405916, 1.1703311060447374, 1.172575476605661, 1.174795897385341, 1.1769928997898764, 1.179167034383624, 1.1813188585385888, 1.1834489339708933, 1.185557824521762, 1.1876460898982508, 1.1897142858666263, 1.1917629582993217, 1.1937926371409668, 1.1958038389122563, 1.1977970637488415, 1.1997727937036977, 1.2017314902104221, 1.2036735895844948, 1.2055995046124273, 1.2075096260860048, 1.2094043225017943, 1.2112839386240941, 1.2131487924176279, 1.2149991793687158, 1.2168353728058703, 1.2186576237770466, 1.2204661601988083, 1.2222611938155108, 1.2240429149076364, 1.2258114980457073, 1.2275670993873011, 1.2293098612534168]",75,,,,,1.2293098612534168,,0.5195730605466681,,,,3.1086645126342773,3.1086645126342773,False,,0.0,0.0,,,3.115959882736206,2026-09-07 15:21:22,x86_64,dacsgpu0002,,64,64,3.11.15,0.22,True,False,True,False,,True,True,True,False,adam,True,1,10,hamqaoa,0.001,False,False,hog,False,False,False,False,True,False,False,1,HOG_graphs/Exp5/path_graphs_2to12vertices_11instances_AdjacencyList.txt,False,0,16,1,1,0,0,0,5,10,42,True,_FINAL_BENCHMARKS_STANDARD,1,,42,2,"[(1, 2), (0, 1), (2, 3)]","[1.0, 1.0, 1.0]"
ebbc10f0,6,5,2,75.0,False,False,"[1, 1, 1]",,,,,,,,,,,,,,1.3605198369728402,"[1.3605198369728402, 1.3632583773118128, 1.3660064397867904, 1.36876394100575, 1.371530804675343, 1.3743069525436296, 1.3770923083717665, 1.379886792475976, 1.3826903244781559, 1.3855028205428686, 1.3883241936274167, 1.3911543505207542, 1.3939931922749178, 1.3968406165245972, 1.3996965090175075, 1.402560751511214, 1.4054332213210146, 1.4083137840449338, 1.4112022988976634, 1.4140986187438265, 1.4170025917173883, 1.4199140551442813, 1.4228328418959042, 1.4257587810849566, 1.4286916893897885, 1.431631382932411, 1.4345776691962024, 1.4375303492677791, 1.4404892219273584, 1.4434540784076124, 1.446424703917227, 1.44940087944046, 1.4523823846494723, 1.455368990427809, 1.458360464379726, 1.4613565677476077, 1.4643570582001342, 1.4673616878899072, 1.470370204587983, 1.4733823561966761, 1.4763978879868478, 1.4794165428000348, 1.482438055668698, 1.4854621664465553, 1.488488619399534, 1.4915171531379003, 1.4945475143193159, 1.4975794497818744, 1.5006127138407077, 1.5036470658799972, 1.5066822718992738, 1.5097181070063308, 1.5127543493314737, 1.5157907916198892, 1.5188272287089193, 1.5218634685739836, 1.524899324535536, 1.527934624906839, 1.5309692025396253, 1.5340028978301696, 1.5370355638081772, 1.5400670588154628, 1.5430972466367185, 1.5461259949470632, 1.549153187018052, 1.5521786983544874, 1.5552024189172957, 1.5582242382159026, 1.5612440441289481, 1.5642617348609649, 1.5672772071077348, 1.5702903601801006, 1.5733010950373503, 1.576309307461601, 1.5793149011784782, 1.5823177776864843]",75,,,,,1.5823177776864843,,0.422627611561561,,,,4.159733772277832,4.159733772277832,False,,0.0,0.0,,,4.166407346725464,2026-09-07 15:21:23,x86_64,dacsgpu0002,,64,64,3.11.15,0.22,True,False,True,False,,True,True,True,False,adam,True,1,10,hamqaoa,0.001,False,False,hog,False,False,False,False,True,False,False,1,HOG_graphs/Exp5/path_graphs_2to12vertices_11instances_AdjacencyList.txt,False,0,16,1,1,0,0,0,5,10,42,True,_FINAL_BENCHMARKS_STANDARD,1,,42,4,"[(0, 1), (2, 3), (1, 2), (3, 4), (4, 5)]","[1.0, 1.0, 1.0, 1.0, 1.0]"
e9a9e98b,3,2,3,75.0,False,False,"[1, 1, 1]",,,,,,,,,,,,,,1.1336319524631573,"[1.1336319524631573, 1.1364829266789578, 1.1393286788405064, 1.142168645174204, 1.145002258398184, 1.1478289435952573, 1.150648121286367, 1.1534592052345727, 1.156261605610982, 1.1590547256182004, 1.1618379609279799, 1.1646107045654661, 1.1673723433726582, 1.1701222621172003, 1.1728598401435932, 1.1755844580904486, 1.178295489029473, 1.18099230755894, 1.1836742893528283, 1.1863408102852917, 1.1889912497956783, 1.1916249887040171, 1.1942414110766564, 1.1968399117525088, 1.1994198863158851, 1.2019807463843422, 1.2045219077738087, 1.2070427995240827, 1.2095428602942437, 1.2120215463895463, 1.2144783283205245, 1.2169126919760833, 1.2193241428546877, 1.22171220352437, 1.224076420925503, 1.2264163610490257, 1.228731613977146, 1.2310217932609315, 1.2332865371189379, 1.2355255111375276, 1.2377384011158434, 1.2399249250941515, 1.2420848303558945, 1.2442178909278097, 1.2463239084195934, 1.2484027124806507, 1.250454167278661, 1.25247816102888, 1.2544746117558832, 1.2564434684725128, 1.2583847077961685, 1.2602983348185672, 1.2621843828034698, 1.2640429125292056, 1.2658740116762417, 1.2676777965203678, 1.2694544083212564, 1.2712040106113935, 1.2729267934423447, 1.2746229677918648, 1.276292767458632, 1.2779364462510818, 1.2795542741198358, 1.2811465396831487, 1.2827135429177892, 1.2842556051622185, 1.2857730551960616, 1.2872662347413102, 1.2887354965460904, 1.2901811988951086, 1.2916037068277673, 1.2930033895823454, 1.2943806203955777, 1.2957357766416684, 1.2970692357367124, 1.2983813753208286]",75,,,,,1.2983813753208286,,0.8655875835472191,,,,4.284722089767456,4.284722089767456,False,,0.0,0.0,,,4.294386386871338,2026-09-07 15:21:23,x86_64,dacsgpu0002,,64,64,3.11.15,0.22,True,False,True,False,,True,False,True,False,adam,True,1,10,hamqaoa,0.001,False,False,hog,False,False,False,False,True,False,False,1,HOG_graphs/Exp5/path_graphs_2to12vertices_11instances_AdjacencyList.txt,False,0,16,1,1,0,0,0,5,10,42,True,_FINAL_BENCHMARKS_STANDARD,1,,42,1,"[(1, 2), (0, 1)]","[1.0, 1.0]"
2c567a37,2,1,4,75.0,False,False,"[1, 1, 1]",,,,,,,,,,,,,,0.44923566820978295,"[0.44923566820978295, 0.4542278227571008, 0.4592310014351546, 0.4642446718709653, 0.4692682791534716, 0.4743012441030562, 0.47934296548908, 0.4843928161269671, 0.48945014488080485, 0.4945142761822585, 0.49958451129507203, 0.5046601262879867, 0.509740373911483, 0.5148244840533123, 0.5199116635577337, 0.5250010988622926, 0.5300919568689109, 0.5351833834343166, 0.5402745067244665, 0.5453644403986875, 0.5504522807471234, 0.5555371124594393, 0.5606180081193317, 0.5656940300388219, 0.5707642327730443, 0.5758276636807722, 0.5808833673094583, 0.5859303851331089, 0.5909677588322317, 0.5959945311612528, 0.6010097483983382, 0.6060124625005815, 0.6110017306323339, 0.6159766186440399, 0.6209362017596649, 0.6258795650661376, 0.6308058058615901, 0.635714033130794, 0.6406033695082489, 0.6454729506887922, 0.6503219259338814, 0.655149456399074, 0.659954718558206, 0.6647368999778243, 0.6694951995549707, 0.6742288273195159, 0.6789370040422027, 0.6836189589521806, 0.6882739289282874, 0.6929011601708278, 0.6974999044900291, 0.7020694215114177, 0.7066089744043695, 0.7111178298637498, 0.7155952644172158, 0.7200405586689664, 0.7244529986965447, 0.7288318782906421, 0.7331764968279648, 0.7374861655098228, 0.7417602060949056, 0.7459979528838431, 0.7501987519316284, 0.7543619657554841, 0.7584869743089788, 0.7625731763210897, 0.7666199916182843, 0.7706268605422, 0.7745932466729577, 0.7785186406074095, 0.7824025553692379, 0.7862445334012864, 0.7900441426153556, 0.793800980674169, 0.7975146711280359, 0.801184866291691]",75,,,,,0.801184866291691,,0.801184866291691,,,,4.655148267745972,4.655148267745972,False,,0.0,0.0,,,4.665001630783081,2026-09-07 15:21:23,x86_64,dacsgpu0002,,64,64,3.11.15,0.22,True,False,True,True,1,True,False,True,False,adam,True,1,10,hamqaoa,0.001,False,False,hog,False,False,False,False,True,False,False,1,HOG_graphs/Exp5/path_graphs_2to12vertices_11instances_AdjacencyList.txt,False,0,16,1,1,0,0,0,5,10,42,True,_FINAL_BENCHMARKS_STANDARD,1,,42,0,"[(0, 1)]",[1.0]
28029ed1,4,3,3,75.0,False,False,"[1, 1, 1]",,,,,,,,,,,,,,1.0963261658656702,"[1.0963261658656702, 1.1028801295968935, 1.1093779321326434, 1.115815856771388, 1.1221902339972654, 1.128497477862304, 1.1347341218036218, 1.1408968663879993, 1.146982636457814, 1.1529886314589546, 1.1589123644615262, 1.164751661240402, 1.1705046150325227, 1.1761694946655554, 1.1817446394752904, 1.1872283893322229, 1.192619069322335, 1.1979150323530332, 1.203114745721824, 1.208216864664784, 1.213220328690719, 1.218124420409403, 1.2229288214231944, 1.2276336397557484, 1.2322394367301053, 1.2367472268999706, 1.2411584641453963, 1.2454750141906668, 1.2496991142947649, 1.2538333109320818, 1.2578803945937884, 1.2618433275314604, 1.265725158375624, 1.2695289480915757, 1.2732577053046734, 1.2769143217704424, 1.2805015305878427, 1.2840218649090291, 1.2874776470209701, 1.2908709713597362, 1.294203708415697, 1.297477520198135, 1.3006938604729028, 1.303854005850795, 1.3069590675669296, 1.310010019493415, 1.3130077160281624, 1.315952912823956, 1.3188462903703944, 1.3216884610370319, 1.3244799878682587, 1.3272213987395425, 1.3299131989705084, 1.3325558703219824, 1.335149894466433, 1.3376957402905965, 1.3401938868443002, 1.3426448118208, 1.3450490050345127, 1.3474069706941383, 1.349719220942208, 1.3519862809105905, 1.3542086930541937, 1.3563870164664964, 1.358521824847539, 1.3606137048986064, 1.3626632566982726, 1.364671095019145, 1.3666378511717272, 1.368564169274436, 1.3704507008958349, 1.3722981144863753, 1.3741070838137814, 1.3758782940296281, 1.3776124339262985, 1.379310201598879]",75,,,,,1.379310201598879,,0.5829713447163478,,,,5.065027236938477,5.065027236938477,False,,0.0,0.0,,,5.071772813796997,2026-09-07 15:21:24,x86_64,dacsgpu0002,,64,64,3.11.15,0.22,True,False,True,False,,True,True,True,False,adam,True,1,10,hamqaoa,0.001,False,False,hog,False,False,False,False,True,False,False,1,HOG_graphs/Exp5/path_graphs_2to12vertices_11instances_AdjacencyList.txt,False,0,16,1,1,0,0,0,5,10,42,True,_FINAL_BENCHMARKS_STANDARD,1,,42,2,"[(1, 2), (0, 1), (2, 3)]","[1.0, 1.0, 1.0]"
cff73843,2,1,3,75.0,False,False,"[1, 1, 1]",,,,,,,,,,,,,,0.7346489709258064,"[0.7346489709258064, 0.7383571795887691, 0.7420099264706118, 0.7456057688322675, 0.7491434408443285, 0.7526219168831634, 0.7560404816313161, 0.7593988117836608, 0.7626970528970187, 0.7659358546167674, 0.7691163327067378, 0.7722399250733225, 0.7753081580919128, 0.7783224077707047, 0.7812837333069099, 0.7841928232759934, 0.7870500372626497, 0.7898554869018116, 0.7926091361441223, 0.7953108800170181, 0.7979606050300376, 0.8005582312556566, 0.8031037472571596, 0.8055972262210442, 0.8080388412944246, 0.8104288724254552, 0.8127677066613257, 0.8150558407342188, 0.817293876133975, 0.8194825124604562, 0.8216225384056972, 0.823714824858053, 0.8257603138803431, 0.82776000480552, 0.8297149464675366, 0.8316262248068493, 0.8334949524967503, 0.8353222614828604, 0.8371092935943669, 0.8388571933429443, 0.8405671051571043, 0.8422401673332851, 0.8438775080496371, 0.8454802435202278, 0.8470494772762573, 0.8485862996911532, 0.8500917854144183, 0.8515669945620027, 0.8530129734175773, 0.854430751338605, 0.8558213430828819, 0.8571857470748188, 0.8585249462105033, 0.8598399036167358, 0.8611315669577158, 0.862400864168092, 0.863648703773708, 0.864875974837582, 0.8660835434533203, 0.8672722551819952, 0.8684429321392223, 0.8695963717059914, 0.8707333489778453, 0.8718546153908255, 0.8729608975266575, 0.8740528969086627, 0.8751312912621985, 0.8761967334227797, 0.8772498529378585, 0.8782912536768724, 0.8793215173424788, 0.8803412016664476, 0.8813508431526911, 0.8823509530319396, 0.8833420223842587, 0.8843245208706616]",75,,,,,0.8843245208706616,,0.8843245208706616,,,,2.9224162101745605,2.9224162101745605,False,,0.0,0.0,,,2.9285030364990234,2026-09-07 15:21:24,x86_64,dacsgpu0002,,64,64,3.11.15,0.22,True,False,True,True,1,True,False,True,False,adam,True,1,10,hamqaoa,0.001,False,False,hog,False,False,False,False,True,False,False,1,HOG_graphs/Exp5/path_graphs_2to12vertices_11instances_AdjacencyList.txt,False,0,16,1,1,0,0,0,5,10,42,True,_FINAL_BENCHMARKS_STANDARD,1,,42,0,"[(0, 1)]",[1.0]
6267cc7d,3,2,4,75.0,False,False,"[1, 1, 1]",,,,,,,,,,,,,,0.7140392851550416,"[0.7140392851550416, 0.7197508740922044, 0.7254521561038282, 0.7311414768245439, 0.7368172171317035, 0.7424778187448356, 0.7481218230975573, 0.7537479205743334, 0.7593550161259419, 0.7649422942323175, 0.7705093189530469, 0.7760561133981407, 0.7815832206335769, 0.7870917123181004, 0.7925830922830884, 0.7980590971964886, 0.8035214382348019, 0.808971550738, 0.8144104297884481, 0.8198385700866332, 0.8252559862547788, 0.8306622857835494, 0.8360567514981008, 0.8414384185554592, 0.8468061476331192, 0.8521586836737503, 0.85749470045265, 0.8628128326079225, 0.8681117094936482, 0.8733899618914869, 0.8786462447520124, 0.8838792482541646, 0.8890877003320603, 0.8942703712514728, 0.8994260822048117, 0.9045537031058267, 0.9096521555389094, 0.9147204136727767, 0.9197575066351155, 0.9247625143195505, 0.92973456964768, 0.9346728602023645, 0.9395766185011671, 0.9444451291841283, 0.9492777261858307, 0.954073788954726, 0.9588327449101148, 0.963554063053528, 0.9682372548766234, 0.9728818773718824, 0.9774875239805936, 0.9820538319167607, 0.9865804785647148, 0.9910671772911657, 0.9955136817975809, 0.9999197833849753, 1.0042853113698036, 1.0086101343859133, 1.012894160080471, 1.0171373300791688, 1.0213396280042693, 1.0255010709534456, 1.029621713985089, 1.0337016461217094, 1.0377409884979198, 1.0417398994938518, 1.0456985658756806, 1.0496172054436388, 1.0534960592469842, 1.057335396510285, 1.0611355103935227, 1.0648967112541576, 1.0686193275696796, 1.0723037053141624, 1.0759502017607212, 1.0795591861161598]",75,,,,,1.0795591861161598,,0.7197061240774398,,,,6.151557683944702,6.151557683944702,False,,0.0,0.0,,,6.158794164657593,2026-09-07 15:21:25,x86_64,dacsgpu0002,,64,64,3.11.15,0.22,True,False,True,False,,True,False,True,False,adam,True,1,10,hamqaoa,0.001,False,False,hog,False,False,False,False,True,False,False,1,HOG_graphs/Exp5/path_graphs_2to12vertices_11instances_AdjacencyList.txt,False,0,16,1,1,0,0,0,5,10,42,True,_FINAL_BENCHMARKS_STANDARD,1,,42,1,"[(1, 2), (0, 1)]","[1.0, 1.0]"
544f5505,2,1,5,75.0,False,False,"[1, 1, 1]",,,,,,,,,,,,,,0.3594052710959712,"[0.3594052710959712, 0.3676273705382545, 0.3758377714148733, 0.38403168734873216, 0.3922044511663249, 0.4003516484397642, 0.4084693253544512, 0.4165542701966898, 0.4246043133997711, 0.4326184634330648, 0.44059663151294526, 0.4485389353381979, 0.4564449689290698, 0.4643134709479998, 0.4721424087870827, 0.47992923393111864, 0.48767112582220135, 0.4953651623674469, 0.5030084292079358, 0.5105980870112026, 0.5181314144623079, 0.5256058329704711, 0.5330189243438366, 0.540368440124523, 0.5476523061194054, 0.55486861846826, 0.5620156377048058, 0.5690917761450366, 0.5760955887612897, 0.5830257531668174, 0.5898810575104543, 0.5966603887895789, 0.6033627223814272, 0.609987116031342, 0.6165327083372827, 0.6229987216745554, 0.6293844657954883, 0.6356893440173876, 0.641912860986969, 0.6480546325812161, 0.6541143859006295, 0.6600919659987482, 0.6659873360783763, 0.6718005738498443, 0.6775318748946763, 0.6831815408137422, 0.6887499730900709, 0.6942376593223041, 0.6996451676650648, 0.7049731330600895, 0.7102222416184893, 0.7153932211534709, 0.72048682567479, 0.7255038264273139, 0.7304449989115632, 0.7353111129106242, 0.7401029251606486, 0.7448211709299246, 0.7494665611265581, 0.7540397772824676, 0.7585414706956737, 0.7629722600904605, 0.7673327353404662, 0.7716234621190943, 0.7758449807610497, 0.7799978180146023, 0.7840824845850716, 0.7880994863603532, 0.7920493291921535, 0.7959325271387234, 0.799749608167612, 0.8035011193574748, 0.807187629288943, 0.8108097380840494, 0.8143680758968591, 0.8178633076277374]",75,,,,,0.8178633076277374,,0.8178633076277374,,,,6.186040639877319,6.186040639877319,False,,0.0,0.0,,,6.19225549697876,2026-09-07 15:21:25,x86_64,dacsgpu0002,,64,64,3.11.15,0.23,True,False,True,True,1,True,False,True,False,adam,True,1,10,hamqaoa,0.001,False,False,hog,False,False,False,False,True,False,False,1,HOG_graphs/Exp5/path_graphs_2to12vertices_11instances_AdjacencyList.txt,False,0,16,1,1,0,0,0,5,10,42,True,_FINAL_BENCHMARKS_STANDARD,1,,42,0,"[(0, 1)]",[1.0]
3a312b96,4,3,4,75.0,False,False,"[1, 1, 1]",,,,,,,,,,,,,,1.0678122423018854,"[1.0678122423018854, 1.0728696873417474, 1.0779021761025172, 1.0829082812356565, 1.0878865944856388, 1.0928357329336702, 1.0977543475837122, 1.1026411278696282, 1.1074948160622569, 1.1123142072250958, 1.117098164581914, 1.121845627808832, 1.126555625305517, 1.1312272833710555, 1.1358598404274085, 1.1404526590184227, 1.1450052401457735, 1.1495172348016003, 1.1539884563333296, 1.1584188951430876, 1.1628087316107558, 1.1671583418167562, 1.1714683114141429, 1.1757394333860267, 1.179972712306759, 1.1841693539819471, 1.1883307519855013, 1.192458464891449, 1.1965541920368306, 1.2006197350804158, 1.2046569549399615, 1.2086677307143625, 1.2126539154420797, 1.2166172942057099, 1.2205595519387749, 1.224482239772823, 1.2283867630254404, 1.232274358564667, 1.236146106218364, 1.240002928367763, 1.2438455937993367, 1.247674739999352, 1.2514908888021261, 1.255294459230033, 1.2590857920999285, 1.26286515803042, 1.2666327871430683, 1.2703888793069744, 1.2741336160095287, 1.2778671741178103, 1.2815897381381922, 1.2853015064971747, 1.289002697652304, 1.292693554870316, 1.2963743446056761, 1.3000453701768593, 1.3037069530795629, 1.3073594478723298, 1.311003228868546, 1.3146386861612742, 1.318266227242731, 1.3218862753315521, 1.3254992475554703, 1.3291055666499683, 1.3327056511184048, 1.3362999099710169, 1.3398887404981927, 1.3434725167211774, 1.3470515933950167, 1.350626302018658, 1.3541969493238053, 1.3577638114124395, 1.3613271366413497, 1.3648871467132313, 1.3684440288069377, 1.3719979402698308]",75,,,,,1.3719979402698308,,0.579880786250985,,,,7.5690977573394775,7.5690977573394775,False,,0.0,0.0,,,7.576156377792358,2026-09-07 15:21:26,x86_64,dacsgpu0002,,64,64,3.11.15,0.23,True,False,True,False,,True,True,True,False,adam,True,1,10,hamqaoa,0.001,False,False,hog,False,False,False,False,True,False,False,1,HOG_graphs/Exp5/path_graphs_2to12vertices_11instances_AdjacencyList.txt,False,0,16,1,1,0,0,0,5,10,42,True,_FINAL_BENCHMARKS_STANDARD,1,,42,2,"[(1, 2), (0, 1), (2, 3)]","[1.0, 1.0, 1.0]"
933b7665,3,2,5,75.0,False,False,"[1, 1, 1]",,,,,,,,,,,,,,0.8451557519201582,"[0.8451557519201582, 0.8526064451205593, 0.8599421137598362, 0.8671581071546831, 0.8742504071809922, 0.8812159224757328, 0.888052851280766, 0.8947609751659877, 0.901341593614041, 0.9077968521913931, 0.914128722809946, 0.9203382519800839, 0.926425429922581, 0.9323894928343888, 0.9382293148078822, 0.9439437011138289, 0.9495315917115126, 0.954992160255075, 0.9603248775596371, 0.9655295426680803, 0.9706062868160522, 0.9755555816372753, 0.9803782261475572, 0.9850753396254707, 0.9896483338002287, 0.994098897542238, 0.9984289621617979, 1.0026406776205907, 1.0067363823066122, 1.010718578973602, 1.0145899056521532, 1.0183531178482061, 1.0220110722492945, 1.0255667123383145, 1.029023070814487, 1.0323832577881766, 1.0356504644166171, 1.0388279703235255, 1.0419191486000356, 1.0449274657793373, 1.0478564895100355, 1.0507098794753484, 1.0534913829529613, 1.0562048250536082, 1.0588540795847954, 1.0614430462812716, 1.0639756245659613, 1.0664556773878346, 1.0688870011737737, 1.0712732931859468, 1.0736181241338971, 1.0759249179461665, 1.0781969374299871, 1.0804372718889945, 1.0826488294271701, 1.0848343456934852, 1.0869963794628752, 1.089137321096881, 1.0912594040614796, 1.0933647088348382, 1.0954551828332364, 1.0975326431730268, 1.0995987907830496, 1.1016552168647817, 1.1037034123000136, 1.105744774690964, 1.107780615849149, 1.1098121597268968, 1.1118405446706743, 1.1138668213843235, 1.1158919549464572, 1.1179168256706795, 1.1199422176750593, 1.1219688286655969, 1.1239972588902218, 1.1260280257506114]",75,,,,,1.1260280257506114,,0.7506853505004076,,,,8.263790369033813,8.263790369033813,False,,0.0,0.0,,,8.270149946212769,2026-09-07 15:21:27,x86_64,dacsgpu0002,,64,64,3.11.15,0.23,True,False,True,False,,True,False,True,False,adam,True,1,10,hamqaoa,0.001,False,False,hog,False,False,False,False,True,False,False,1,HOG_graphs/Exp5/path_graphs_2to12vertices_11instances_AdjacencyList.txt,False,0,16,1,1,0,0,0,5,10,42,True,_FINAL_BENCHMARKS_STANDARD,1,,42,1,"[(1, 2), (0, 1)]","[1.0, 1.0]"
69429819,4,3,5,75.0,False,False,"[1, 1, 1]",,,,,,,,,,,,,,0.8865060489683179,"[0.8865060489683179, 0.8931224382282688, 0.899735246833493, 0.9063487253519045, 0.9129623072515884, 0.9195751613355324, 0.926186404152105, 0.9327951592638424, 0.9394005761883588, 0.9460018427108969, 0.9525981825991545, 0.9591888675546867, 0.9657732132293778, 0.9723505925717987, 0.9789204248465729, 0.985482191465364, 0.9920354286985679, 0.9985797426980764, 1.0051148004684654, 1.0116403332616037, 1.0181561360407765, 1.0246620536524702, 1.0311579899350984, 1.037643894197982, 1.0441197480916198, 1.0505855541563602, 1.0570413110783985, 1.0634870158573935, 1.0699226392457695, 1.0763481066371328, 1.0827633039722693, 1.089168050121849, 1.095562108067972, 1.1019451730110197, 1.1083168726435213, 1.1146767784338234, 1.1210243977573933, 1.1273591883642144, 1.1336805480725274, 1.13998784667645, 1.1462804027424367, 1.1525575013759546, 1.1588183883078254, 1.1650622782497548, 1.1712883626266462, 1.1774957970908098, 1.183683702907318, 1.1898511852588318, 1.195997316672998, 1.2021211342573397, 1.2082216503977679, 1.2142978488431566, 1.2203486922880271, 1.2263731073570336, 1.2323700021054855, 1.2383382613658853, 1.2442767454446135, 1.250184289990799, 1.2560597216491642, 1.2619018508606523, 1.267709476722275, 1.2734813954974813, 1.2792164018469285, 1.2849132910352035, 1.2905708759889818, 1.2961879719915133, 1.3017634151448052, 1.3072960675709242, 1.3127848251918433, 1.3182286198926738, 1.323626412711471, 1.3289772218537816, 1.3342801120752101, 1.3395342127158296, 1.344738707819775, 1.3498928413434694]",75,,,,,1.3498928413434694,,0.5705379718273328,,,,10.245666265487671,10.245666265487671,False,,0.0,0.0,,,10.252180099487305,2026-09-07 15:21:29,x86_64,dacsgpu0002,,64,64,3.11.15,0.23,True,False,True,False,,True,True,True,False,adam,True,1,10,hamqaoa,0.001,False,False,hog,False,False,False,False,True,False,False,1,HOG_graphs/Exp5/path_graphs_2to12vertices_11instances_AdjacencyList.txt,False,0,16,1,1,0,0,0,5,10,42,True,_FINAL_BENCHMARKS_STANDARD,1,,42,2,"[(1, 2), (0, 1), (2, 3)]","[1.0, 1.0, 1.0]"
f5a42979,6,5,3,75.0,False,False,"[1, 1, 1]",,,,,,,,,,,,,,1.6510093369427656,"[1.6510093369427656, 1.6590222415170763, 1.6670695475102004, 1.6751490194191452, 1.6832583200419748, 1.6913949978215697, 1.6995564942093868, 1.7077401364619944, 1.7159431376129837, 1.7241625977394768, 1.7323955034037986, 1.7406387343388363, 1.748889054233205, 1.7571431298233442, 1.7653975222003093, 1.7736486982667188, 1.7818930327324385, 1.7901268249875308, 1.7983462979410503, 1.8065476008732821, 1.8147268353440853, 1.8228800554376698, 1.8310032764890567, 1.8390924897876622, 1.8471436836733954, 1.8551528345509996, 1.8631159437215912, 1.8710290468924715, 1.8788882047823652, 1.886689544503742, 1.8944292634120548, 1.9021036392223782, 1.909709046689429, 1.9172419909080103, 1.9246990900954049, 1.932077106906981, 1.9393729668557433, 1.946583757336439, 1.9537067425134937, 1.9607393857484694, 1.9676793517831965, 1.9745245190117608, 1.9812729820911787, 1.987923072452858, 1.9944733528822716, 2.0009226396025634, 2.007269979919868, 2.0135146767687573, 2.019656276832243, 2.025694580319865, 2.0316296230671678, 2.037461680950411, 2.043191269321813, 2.0488191217309675, 2.054346189528787, 2.0597736261116366, 2.0651027815613436, 2.0703351706060475, 2.075472475083019, 2.0805165087713227, 2.085469222980925, 2.0903326693367386, 2.0951089795643703, 2.0998003599698563, 2.104409054484485, 2.108937345807201, 2.113387527684277, 2.117761883824086, 2.1220626771926447, 2.1262921387931364, 2.130452452067505, 2.1345457378482537, 2.1385740547703693, 2.142539387338377, 2.146443634196038, 2.1502886128653427]",75,,,,,2.1502886128653427,,0.5743292235217261,,,,5.935722351074219,5.935722351074219,False,,0.0,0.0,,,5.941388845443726,2026-09-07 15:21:30,x86_64,dacsgpu0002,,64,64,3.11.15,0.22,True,False,True,False,,True,True,True,False,adam,True,1,10,hamqaoa,0.001,False,False,hog,False,False,False,False,True,False,False,1,HOG_graphs/Exp5/path_graphs_2to12vertices_11instances_AdjacencyList.txt,False,0,16,1,1,0,0,0,5,10,42,True,_FINAL_BENCHMARKS_STANDARD,1,,42,4,"[(0, 1), (2, 3), (1, 2), (3, 4), (4, 5)]","[1.0, 1.0, 1.0, 1.0, 1.0]"
2c2d76b5,6,5,4,75.0,False,False,"[1, 1, 1]",,,,,,,,,,,,,,1.5017398728469598,"[1.5017398728469598, 1.5117081955637341, 1.5216700355060335, 1.5316206738418723, 1.5415553800634583, 1.5514694106337439, 1.5613580314185245, 1.5712165371314741, 1.5810402613395556, 1.590824604246465, 1.600565036672586, 1.610257154512991, 1.619896678654279, 1.62947949130269, 1.6390016735992112, 1.648459536264663, 1.6578496422492115, 1.6671688533498623, 1.676414350948372, 1.685583680716018, 1.6946747746456312, 1.7036859821926331, 1.7126160860921606, 1.7214643191415913, 1.7302303800656522, 1.7389144175532385, 1.7475170321045508, 1.756039260336919, 1.7644825412100937, 1.772848703127687, 1.7811399326100472, 1.7893587095962042, 1.797507789888114, 1.8055901454727623, 1.8136088984015808, 1.8215672730615642, 1.8294685263672823, 1.8373158755704895, 1.8451124532846337, 1.8528612352451015, 1.8605649947825242, 1.8682262734421378, 1.87584733062893, 1.8834301439983558, 1.8909763920559457, 1.8984874578031667, 1.9059644384165864, 1.9134081630727569, 1.920819223434783, 1.9281979827481301, 1.9355446137071852, 1.9428591309205578, 1.9501414098558039, 1.9573912256904529, 1.9646082612312203, 1.9717921399987461, 1.9789424378589104, 1.9860587139193473, 1.9931405078175919, 2.00018736494778, 2.0071988433015036, 2.014174523781877, 2.021114012047925, 2.0280169527598506, 2.0348830192504908, 2.0417119364206178, 2.0485034712737433, 2.055257435388845, 2.061973674836356, 2.0686520966335777, 2.0752926350173655, 2.0818952670195063, 2.088460005993062, 2.0949869004760044, 2.101476025982978, 2.107927494288593]",75,,,,,2.107927494288593,,0.563014822192466,,,,9.17630124092102,9.17630124092102,False,,0.0,0.0,,,9.183526992797852,2026-09-07 15:21:33,x86_64,dacsgpu0002,,64,64,3.11.15,0.23,True,False,True,False,,True,True,True,False,adam,True,1,10,hamqaoa,0.001,False,False,hog,False,False,False,False,True,False,False,1,HOG_graphs/Exp5/path_graphs_2to12vertices_11instances_AdjacencyList.txt,False,0,16,1,1,0,0,0,5,10,42,True,_FINAL_BENCHMARKS_STANDARD,1,,42,4,"[(0, 1), (2, 3), (1, 2), (3, 4), (4, 5)]","[1.0, 1.0, 1.0, 1.0, 1.0]"
aa371a93,6,5,5,75.0,False,False,"[1, 1, 1]",,,,,,,,,,,,,,1.8402784643016619,"[1.8402784643016619, 1.8510221802400806, 1.8617754724309525, 1.8725325316849417, 1.8832878336025143, 1.8940362768035648, 1.9047734106141674, 1.915495726334457, 1.9262010309197586, 1.9368888585930555, 1.9475608644283051, 1.9582209433406017, 1.9688750325322297, 1.9795305556338838, 1.9901958694795892, 2.0008799614874486, 2.011592391220102, 2.0223432875458562, 2.033143210530317, 2.0440028233881744, 2.0549324099232376, 2.0659413686636654, 2.0770377480659072, 2.088227935067121, 2.099516509182816, 2.1109062141056594, 2.1223980594275056, 2.133991463206584, 2.145684471969185, 2.1574739294978618, 2.1693556635248696, 2.1813246424431743, 2.193375115698833, 2.205500723198306, 2.217694592953331, 2.2299494043773613, 2.2422574641120985, 2.2546107462106417, 2.2670009274458627, 2.279419438594366, 2.29185748356099, 2.304306091450159, 2.3167561310547247, 2.3291983468094823, 2.3416233711770458, 2.3540217790234337, 2.3663840808342136, 2.37870079879974, 2.3909624561114278, 2.4031596224423826, 2.4152829560110303, 2.427323206592494, 2.4392712512012458, 2.451118126561017, 2.462855047521836, 2.474473460241099, 2.485965043333835, 2.4973217361405347, 2.508535775560671, 2.5195997237669374, 2.5305064631949303, 2.541249251045877, 2.5518217546524244, 2.5622180844367373, 2.572432784866402, 2.582460869560051, 2.59229788428983, 2.601939876248994, 2.6113834657643764, 2.620625837446392, 2.629664763843864, 2.638498606938552, 2.6471263543388264, 2.655547594187656, 2.663762516180327, 2.671771916658935]",75,,,,,2.671771916658935,,0.7136142939794163,,,,14.90684962272644,14.90684962272644,False,,0.0,0.0,,,14.913793563842773,2026-09-07 15:21:39,x86_64,dacsgpu0002,,64,64,3.11.15,0.23,True,False,True,False,,True,True,True,False,adam,True,1,10,hamqaoa,0.001,False,False,hog,False,False,False,False,True,False,False,1,HOG_graphs/Exp5/path_graphs_2to12vertices_11instances_AdjacencyList.txt,False,0,16,1,1,0,0,0,5,10,42,True,_FINAL_BENCHMARKS_STANDARD,1,,42,4,"[(0, 1), (2, 3), (1, 2), (3, 4), (4, 5)]","[1.0, 1.0, 1.0, 1.0, 1.0]"
