1: 2
2: 1

1: 2 3
2: 1 3
3: 1 2

1: 2 3 4
2: 1 3 4
3: 1 2 4
4: 1 2 3

1: 2 3 4 5
2: 1 3 4 5
3: 1 2 4 5
4: 1 2 3 5
5: 1 2 3 4

1: 2 3 4 5 6
2: 1 3 4 5 6
3: 1 2 4 5 6
4: 1 2 3 5 6
5: 1 2 3 4 6
6: 1 2 3 4 5

1: 2 3 4 5 6 7
2: 1 3 4 5 6 7
3: 1 2 4 5 6 7
4: 1 2 3 5 6 7
5: 1 2 3 4 6 7
6: 1 2 3 4 5 7
7: 1 2 3 4 5 6

1: 2 3 4 5 6 7 8
2: 1 3 4 5 6 7 8
3: 1 2 4 5 6 7 8
4: 1 2 3 5 6 7 8
5: 1 2 3 4 6 7 8
6: 1 2 3 4 5 7 8
7: 1 2 3 4 5 6 8
8: 1 2 3 4 5 6 7

1: 2 3 4 5 6 7 8 9
2: 1 3 4 5 6 7 8 9
3: 1 2 4 5 6 7 8 9
4: 1 2 3 5 6 7 8 9
5: 1 2 3 4 6 7 8 9
6: 1 2 3 4 5 7 8 9
7: 1 2 3 4 5 6 8 9
8: 1 2 3 4 5 6 7 9
9: 1 2 3 4 5 6 7 8

1: 2 3 4 5 6 7 8 9 10
2: 1 3 4 5 6 7 8 9 10
3: 1 2 4 5 6 7 8 9 10
4: 1 2 3 5 6 7 8 9 10
5: 1 2 3 4 6 7 8 9 10
6: 1 2 3 4 5 7 8 9 10
7: 1 2 3 4 5 6 8 9 10
8: 1 2 3 4 5 6 7 9 10
9: 1 2 3 4 5 6 7 8 10
10: 1 2 3 4 5 6 7 8 9

1: 2 3 4 5 6 7 8 9 10 11
2: 1 3 4 5 6 7 8 9 10 11
3: 1 2 4 5 6 7 8 9 10 11
4: 1 2 3 5 6 7 8 9 10 11
5: 1 2 3 4 6 7 8 9 10 11
6: 1 2 3 4 5 7 8 9 10 11
7: 1 2 3 4 5 6 8 9 10 11
8: 1 2 3 4 5 6 7 9 10 11
9: 1 2 3 4 5 6 7 8 10 11
10: 1 2 3 4 5 6 7 8 9 11
11: 1 2 3 4 5 6 7 8 9 10

1: 2 3 4 5 6 7 8 9 10 11 12
2: 1 3 4 5 6 7 8 9 10 11 12
3: 1 2 4 5 6 7 8 9 10 11 12
4: 1 2 3 5 6 7 8 9 10 11 12
5: 1 2 3 4 6 7 8 9 10 11 12
6: 1 2 3 4 5 7 8 9 10 11 12
7: 1 2 3 4 5 6 8 9 10 11 12
8: 1 2 3 4 5 6 7 9 10 11 12
9: 1 2 3 4 5 6 7 8 10 11 12
10: 1 2 3 4 5 6 7 8 9 11 12
11: 1 2 3 4 5 6 7 8 9 10 12
12: 1 2 3 4 5 6 7 8 9 10 11
